Gen, Sign, Ver
58327046, 1973113150, 1884398
58325439, 1973078385, 1880626
58328575, 1973087197, 1870968
58327196, 1973104805, 1891407
58328286, 1973076212, 1874322
58330129, 1973082584, 1884376
58325976, 1973100764, 1874650
58329145, 1973056319, 1884601
58327317, 1973104979, 1880497
58328846, 1973070565, 1872102
58325898, 1973108435, 1870854
58327842, 1973095663, 1877033
58327807, 1973081644, 1887297
58326457, 1973072429, 1881962
58327922, 1973100350, 1884212
58326868, 1973078708, 1876641
58325824, 1973109222, 1878750
58325284, 1973095251, 1885637
58327477, 1973079515, 1887734
58328280, 1973102108, 1876138
58327088, 1973085915, 1880504
58328483, 1973080392, 1885799
58326708, 1973069394, 1879453
58326782, 1973094676, 1879596
58325645, 1973056532, 1871208
58328228, 1973079601, 1881881
58329194, 1973071413, 1892776
58329192, 1973081902, 1874545
58329396, 1973100684, 1887723
