Gen, Sign, Ver
914603, 67356459, 3167991
913233, 67354252, 3168790
913541, 67356742, 3171125
913503, 67356888, 3183990
913573, 67353770, 3179788
913589, 67353911, 3181096
913629, 67359399, 3182090
913845, 67355000, 3174988
913324, 67358874, 3175964
913434, 67355476, 3159032
913397, 67353727, 3185401
913563, 67357661, 3187998
913092, 67357979, 3179655
913468, 67356533, 3173886
913511, 67353577, 3178371
913337, 67354778, 3182177
913441, 67354533, 3157192
913481, 67355980, 3174592
913318, 67357761, 3187659
913463, 67361639, 3168568
913339, 67351854, 3154118
913445, 67360772, 3150624
913352, 67358076, 3184987
913271, 67354886, 3185432
913433, 67355476, 3157988
913316, 67356951, 3186788
913691, 67351794, 3177895
913281, 67355389, 3178162
913114, 67358745, 3159186
913433, 67357857, 3151027
913690, 67357249, 3175915
913280, 67357969, 3168641
913434, 67356576, 3165580
913490, 67359562, 3171895
913517, 67357321, 3184747
913584, 67358015, 3165581
913595, 67357356, 3164167
913376, 67351117, 3189486
913402, 67355638, 3175998
913504, 67359020, 3182876
913741, 67356495, 3192823
913152, 67355835, 3175923
913746, 67358627, 3163770
913490, 67357369, 3166974
913666, 67358127, 3192400
913621, 67361303, 3158546
913759, 67361737, 3181838
913636, 67356469, 3168601
913139, 67358727, 3172272
913529, 67353084, 3180804
913417, 67355327, 3152036
913413, 67357450, 3166152
913326, 67356142, 3179010
913790, 67355559, 3184397
913488, 67355473, 3178734
913481, 67353594, 3153160
913427, 67353460, 3178787
913471, 67355396, 3159356
913605, 67354785, 3180827
913484, 67357486, 3180505
913638, 67352430, 3181607
913604, 67358233, 3174388
913676, 67357522, 3162631
913605, 67356057, 3178509
913422, 67355217, 3172461
913453, 67354312, 3194503
913604, 67358008, 3180165
913700, 67356648, 3198060
913451, 67358905, 3190253
913317, 67358185, 3166428
913649, 67356000, 3196613
912791, 67357552, 3168642
913421, 67357149, 3173779
913469, 67353571, 3173782
913542, 67354846, 3179374
913576, 67356624, 3165419
913386, 67358933, 3160377
913293, 67359893, 3179552
913405, 67354937, 3176068
913392, 67354387, 3195113
913058, 67354207, 3176603
913444, 67359074, 3195112
913538, 67355113, 3190450
913511, 67355627, 3163747
913463, 67358708, 3159489
913406, 67357883, 3191128
913455, 67357979, 3159936
913253, 67357377, 3177742
913588, 67359010, 3163982
913545, 67355257, 3148520
913688, 67356092, 3185669
913409, 67356898, 3179501
913377, 67355894, 3174709
913572, 67353886, 3178675
913748, 67356410, 3178489
913202, 67356591, 3182603
913286, 67360821, 3184754
913012, 67356555, 3159143
913287, 67352803, 3165041
913612, 67357838, 3179369
