Gen, Sign, Ver
2599593, 141987176, 7900244
2600053, 141985976, 7953678
2599790, 141991036, 7893378
2599275, 141993232, 7901872
2599738, 141989709, 7851212
2599265, 141988053, 7905095
2599544, 141987971, 7818891
2599289, 141990416, 7851252
2599543, 141994517, 7878682
2599947, 141993565, 7889942
2599975, 141989152, 7962037
2599529, 141988395, 7939841
2599944, 141990176, 7873679
2598589, 141986285, 7846671
2600319, 141992206, 7847518
2599809, 141991315, 7926195
2599879, 141984841, 7900123
2599612, 141995440, 7908072
2599076, 141988770, 7833662
2600628, 141988686, 7903643
2599292, 141987579, 7926818
2600492, 141988710, 7875152
2599877, 141992534, 7905071
2600596, 141988812, 7890993
