Gen, Sign, Ver
1576959, 44164103, 2353965
1575299, 44163882, 2429311
1575280, 44163861, 2353858
1575302, 44163870, 2460227
1575277, 44163854, 2374444
1575359, 44163857, 2432756
1575274, 44163891, 2432757
1575294, 44163880, 2443049
1575352, 44163838, 2415632
1575288, 44163877, 2398455
1575289, 44163886, 2405319
1575288, 44163880, 2412192
1575289, 44163877, 2412188
1575314, 44163875, 2371030
1575286, 44163860, 2446493
1575287, 44163870, 2408770
1575359, 44163876, 2340134
1575351, 44163855, 2360725
1575309, 44163838, 2408740
1575282, 44163848, 2398453
1575365, 44163867, 2449923
