Gen, Sign, Ver                                                                         
139302325, 1508755408, 1430792                                                         
139300861, 1508754664, 1407249
139302306, 1508761253, 1417194
139302073, 1508755383, 1416825
139302307, 1508759474, 1383644
139301179, 1508755503, 1430842
139301062, 1508760744, 1397812
139300581, 1508756505, 1430848
139301145, 1508755271, 1435629
139300722, 1508752652, 1388370
139300781, 1508756418, 1478179
139301072, 1508757027, 1435583
139301102, 1508754392, 1435522
139301172, 1508755704, 1426145
139300826, 1508758528, 1378859
139300770, 1508757378, 1435626
