Gen, Sign, Ver
2182691, 64022881, 3584581
2180941, 64022778, 3579856
2180768, 64022740, 3579762
2180699, 64022666, 3551363
2180878, 64023269, 3551508
2180895, 64023486, 3518338
2180801, 64023729, 3532599
2180790, 64022463, 3679047
2180901, 64022126, 3508972
2180864, 64022447, 3612990
2180888, 64022729, 3641406
2180952, 64023896, 3542174
2180770, 64023572, 3636678
2180938, 64021981, 3589330
2180855, 64022897, 3603441
2180775, 64023538, 3636534
2180724, 64022683, 3527822
2180819, 64023292, 3556343
2180799, 64022345, 3579879
2180772, 64023397, 3570231
