Gen, Sign, Ver
1543652, 39856004, 2131296
1542243, 39855850, 2201134
1542229, 39855825, 2099705
1542268, 39855806, 2138168
1542225, 39855800, 2134664
1542228, 39855807, 2246567
1542223, 39855799, 2113688
1542238, 39855808, 2180125
1542235, 39855816, 2113685
1542263, 39855805, 2099711
1542283, 39855808, 2106703
1542219, 39855808, 2134677
1542213, 39855822, 2138166
1542279, 39855815, 2110180
1542205, 39855796, 2106697
1542214, 39855797, 2113689
1542207, 39855806, 2106704
1542218, 39855795, 2145165
1542271, 39855809, 2092717
1542206, 39855816, 2138176
1542206, 39855821, 2113694
