Gen, Sign, Ver
2975215, 75251146, 4285043
2973836, 75250965, 4264066
2973764, 75250953, 4208357
2973775, 75250954, 4291887
2973759, 75250938, 4187467
2973780, 75250951, 4229220
2973747, 75250943, 4215315
2973748, 75250953, 4110877
2973765, 75250947, 4417219
2973815, 75250957, 4291882
2973776, 75250949, 4152636
2973774, 75250948, 4326696
2973750, 75250952, 4298859
2973769, 75250953, 4291879
2973811, 75250950, 4236188
2973750, 75250955, 4340622
2973826, 75250942, 4138714
2973760, 75250944, 4298843
2973817, 75250935, 4277962
2973765, 75250939, 4138742
2973827, 75250949, 4173546
2973751, 75251292, 4368484
2973770, 75250940, 4312792
2973815, 75250960, 4201375
2973741, 75250939, 4173538
2973823, 75250930, 4333664
2973755, 75250945, 4284917
2973754, 75250936, 4410247
2973768, 75250938, 4222262
2973767, 75250955, 4271001
2973762, 75250946, 4347576
2973762, 75250935, 4201387
2973770, 75250962, 4354550
2973759, 75250959, 4236184
2973751, 75250944, 4277976
2973813, 75250950, 4166560
2973781, 75250950, 4354540
2973774, 75250939, 4403275
2973750, 75250961, 4201387
2973802, 75250942, 4375447
2973748, 75250948, 4326702
2973770, 75250927, 4159600
2973748, 75250937, 4201394
2973747, 75250947, 4173540
2973765, 75250948, 4270990
2973767, 75250942, 4236204
2973770, 75250942, 4236197
2973843, 75250953, 4326686
2973763, 75250957, 4312785
2973760, 75250946, 4250121
2973764, 75250948, 4333679
2973767, 75250949, 4396323
2973807, 75250951, 4319725
2973775, 75250967, 4305817
2973776, 75250953, 4257094
2973793, 75250933, 4354544
2973787, 75250928, 4284941
2973746, 75250942, 4291889
2973740, 75250946, 4312785
2973748, 75250954, 4222290
2973761, 75250945, 4264056
