Gen, Sign, Ver
7851132, 154341488, 4231018
7849724, 154341294, 4342435
7849699, 154341289, 4467918
7849700, 154341288, 4251818
7849685, 154341285, 4405177
7849709, 154341278, 4356375
7849728, 154341269, 4335478
7849687, 154341288, 4279692
7849708, 154341283, 4412158
7849678, 154341277, 4349400
7849722, 154341274, 4405176
7849696, 154341271, 4335464
7849702, 154341271, 4230898
7849699, 154341285, 4398202
7849692, 154341298, 4440026
7849738, 154341275, 4495781
7849703, 154341267, 4265752
7849736, 154341269, 4272735
7849691, 154341277, 4265765
7849695, 154341289, 4258784
7849696, 154341278, 4293630
7849694, 154341266, 4216960
7849691, 154341288, 4258784
7849709, 154341272, 4300613
7849691, 154341308, 4391214
7849707, 154341283, 4265750
7849697, 154341269, 4314547
7849704, 154341279, 4314563
7849762, 154341284, 4182102
7849735, 154341286, 4314550
7849778, 154341276, 4230911
7849695, 154341276, 4426070
7849707, 154341280, 4168163
7849706, 154341296, 4335478
7849687, 154341283, 4140292
7849759, 154341270, 4307579
7849706, 154341276, 4293632
7849709, 154341282, 4384264
7849759, 154341281, 4272733
7849754, 154341277, 4509739
7849715, 154341277, 4370322
7849702, 154341272, 4272733
7849723, 154341282, 4335468
7849699, 154341291, 4377286
7849701, 154341282, 4209990
7849740, 154341283, 4314555
7849683, 154341289, 4391218
7849703, 154341269, 4384262
7849724, 154341291, 4293633
7849705, 154341294, 4335463
7849705, 154341291, 4370316
7849705, 154341286, 4182109
7849708, 154341285, 4488817
7849695, 154341274, 4105425
7849711, 154341280, 4300598
7849714, 154341270, 4307573
