Gen, Sign, Ver
4070058, 81764878, 2169569
4068643, 81764686, 2151966
4068676, 81764646, 2148452
4068600, 81764762, 2225465
4068624, 81764642, 2190447
4068618, 81764642, 2169454
4068600, 81764666, 2162443
4068590, 81764633, 2162444
4068602, 81764645, 2204451
4068594, 81764643, 2190443
4068601, 81764639, 2092433
4068592, 81764646, 2190460
4068598, 81764632, 2172964
4068604, 81764624, 2158941
4068626, 81764626, 2179949
4068618, 81764635, 2137937
4068662, 81764637, 2186938
4068590, 81764641, 2256966
4068585, 81764636, 2113447
4068586, 81764653, 2221951
4068616, 81764654, 2151946
4068625, 81764637, 2116939
4068598, 81764619, 2207962
