Gen, Sign, Ver
125596528, 1425269803, 2234125
125595120, 1425269606, 2094596
125595091, 1425269581, 2108530
125595107, 1425269586, 2122449
125595151, 1425269570, 2115477
125595165, 1425269561, 2073665
125595132, 1425269568, 2136389
125595100, 1425269568, 2052755
125596541, 1425269821, 2073802
125595130, 1425269606, 2038825
125595105, 1425269591, 2045778
125595083, 1425269951, 2115485
125595166, 1425269555, 2164279
125595094, 1425269562, 2150341
125595097, 1425269568, 2213060
125595099, 1425269573, 2080635
125595165, 1425269575, 2045771
125596553, 1425269802, 2122598
