Gen, Sign, Ver
65095962, 774228731, 1050048
65094553, 774228499, 1112940
65094508, 774228481, 1067433
65094529, 774228485, 1056914
65094506, 774228462, 1070923
65094520, 774228478, 1056928
65094503, 774228478, 1088422
65094524, 774228476, 1067419
65094530, 774228467, 1056909
65094522, 774228466, 1081407
65094506, 774228469, 1095433
65094521, 774228494, 1091921
65094515, 774228477, 1035907
65094514, 774228450, 1098920
65094592, 774228486, 1046409
65094547, 774228492, 1112917
65094522, 774228482, 1046415
65094527, 774228480, 1014917
65094573, 774228469, 1154937
65094523, 774228476, 1074412
65094530, 774228473, 1109413
65094536, 774228474, 1039406
65094498, 774228481, 1102425
65094518, 774228495, 1060406
65094506, 774228475, 1046407
65094573, 774228462, 1056921
65094511, 774228461, 1063915
65094513, 774228488, 1039403
65094523, 774228467, 1039413
65094514, 774228474, 1091914
65094562, 774228468, 1056909
65094549, 774228480, 1042913
65094527, 774228482, 1060416
65094565, 774228486, 1063917
