Gen, Sign, Ver
370560, 8662417, 529708
368715, 8661620, 523962
368666, 8662540, 530956
368877, 8662795, 521484
368635, 8662465, 525792
368732, 8662798, 513154
368892, 8661948, 533138
369110, 8663323, 532143
370058, 8646695, 497644
368165, 8646942, 510173
368178, 8647081, 506479
368103, 8647449, 525426
368024, 8647729, 515996
368385, 8647221, 526462
368171, 8646808, 503234
368008, 8647290, 524155
368135, 8646935, 513517
368134, 8647734, 523093
367913, 8648487, 526551
368175, 8646881, 521812
368295, 8648226, 505306
368308, 8647666, 504520
368157, 8647409, 518552
368224, 8647144, 513570
368103, 8646892, 486891
368293, 8647311, 497381
368229, 8646263, 504264
368058, 8646603, 515895
368197, 8647609, 499634
368203, 8647865, 499813
368390, 8647175, 528894
368035, 8647026, 514856
368071, 8647007, 498496
368102, 8646677, 515957
368158, 8646490, 526773
368215, 8647286, 528966
368313, 8647778, 518337
367988, 8647190, 496058
368122, 8647265, 516077
368350, 8647656, 507625
368131, 8647486, 491487
368011, 8646935, 528714
368109, 8647357, 524110
368125, 8647340, 517290
368204, 8647102, 512612
367977, 8647203, 504362
368107, 8647048, 510082
367930, 8647428, 508107
367892, 8647542, 527382
368083, 8647470, 512642
368015, 8646964, 532553
368113, 8646891, 531387
368046, 8648108, 505512
368138, 8647080, 520925
367989, 8646955, 535822
368369, 8647309, 507734
368131, 8648105, 511573
368260, 8647233, 524249
368122, 8646842, 514887
368173, 8647744, 519454
368400, 8647592, 523121
368219, 8647434, 511040
368082, 8647150, 528816
368036, 8646652, 527710
367971, 8647221, 513564
368036, 8647577, 526413
368090, 8647537, 498623
368177, 8646754, 527716
368255, 8646908, 486821
368203, 8647170, 504542
368008, 8646812, 507851
367952, 8646960, 509963
368085, 8647328, 526636
368054, 8646897, 546166
367986, 8647050, 505408
367936, 8648319, 500627
368133, 8647331, 512700
368314, 8647600, 506578
368212, 8647563, 521875
368033, 8647142, 509063
368100, 8647299, 499432
368061, 8647145, 524089
368142, 8647672, 490226
367849, 8647539, 527808
368105, 8646403, 515967
368104, 8647823, 513776
367964, 8647280, 512462
368104, 8647245, 501804
367996, 8647000, 503280
368199, 8646761, 519404
368162, 8647248, 504233
368319, 8646937, 521811
368067, 8646544, 521892
369893, 8647525, 511345
368013, 8646751, 511358
368054, 8647475, 520498
368293, 8647559, 502071
368165, 8647158, 509285
367876, 8646434, 524348
368148, 8648118, 524471
