Gen, Sign, Ver
23471754, 180172409, 179539
23469716, 180169665, 175983
23471330, 180169475, 173562
23470900, 180171958, 180551
23470439, 180169319, 172394
23469760, 180168819, 170305
23471244, 180170065, 166598
23469962, 180170279, 181784
23470949, 180174807, 179318
23471456, 180174061, 173560
23469502, 180171612, 186381
23471921, 180173219, 174684
23471017, 180170929, 186473
23471349, 180169750, 182814
23470563, 180175065, 188631
23469218, 180174504, 175858
23470601, 180172807, 183974
23471336, 180174787, 181673
23470714, 180171436, 192209
23469606, 180169812, 178188
23471428, 180168389, 180255
23470219, 180172983, 191050
23470403, 180173729, 186398
23470591, 180168089, 177101
23470199, 180166679, 180458
23470321, 180168598, 175779
23470893, 180169380, 174523
23470130, 180171125, 180696
23470046, 180171432, 175787
23471747, 180171517, 179332
23471107, 180173636, 173403
23470526, 180167953, 176880
23471185, 180171181, 181655
23469663, 180173224, 168824
23470689, 180170886, 181549
23470078, 180169797, 179333
23470849, 180169139, 175984
23471340, 180171878, 167509
23470982, 180174183, 185207
23470361, 180169901, 175714
23471352, 180168799, 182881
23470018, 180170099, 179229
23470275, 180170186, 181685
23471162, 180171660, 176921
23470995, 180169299, 174729
23470606, 180173041, 182730
23472212, 180167798, 184119
23471061, 180172494, 171178
23471280, 180173563, 176829
23469643, 180170808, 176946
23469982, 180169888, 185204
23472202, 180170568, 171117
23469890, 180167899, 189779
23469766, 180170921, 172245
23470180, 180171098, 180375
23470288, 180170311, 177085
23471266, 180171871, 190947
23469186, 180170253, 185243
23469692, 180169271, 180780
23470470, 180170235, 185176
23470272, 180167521, 177198
23471392, 180169638, 182826
23469782, 180169394, 173412
23470702, 180169179, 174736
23470413, 180167947, 172441
23469758, 180169123, 180606
23470918, 180170309, 181503
23470145, 180164542, 181746
23471633, 180167548, 182981
23469562, 180173684, 166555
23470843, 180172486, 189790
23470837, 180170624, 180376
23472499, 180172288, 179352
23469622, 180167747, 187525
23470351, 180174034, 172275
23470633, 180172743, 188652
23470041, 180172523, 173522
23470585, 180167389, 189917
23470947, 180170676, 171156
23470844, 180172374, 171309
23470265, 180170272, 171099
23469720, 180166612, 175861
23470013, 180172465, 181759
23470789, 180172004, 190006
23470775, 180170378, 192234
23471846, 180173125, 173470
23470323, 180172400, 171242
23471209, 180169588, 171148
23470830, 180167347, 175656
23470369, 180166707, 178031
23471919, 180170325, 167607
23470629, 180167909, 176998
23469398, 180167249, 174681
23470201, 180173498, 178164
23469189, 180168068, 179306
23469903, 180171639, 177170
23469556, 180170567, 178113
23472245, 180175042, 188853
23471461, 180167562, 176952
23470292, 180168615, 173406
