Gen, Sign, Ver
750859, 17392447, 1081589
749137, 17391556, 1118661
749015, 17390111, 1081011
749329, 17391379, 1086321
749558, 17391893, 1064258
749200, 17390838, 1099119
749213, 17390636, 1076692
749011, 17392060, 1076514
749127, 17392217, 1088622
749007, 17392807, 1104176
749313, 17391304, 1066631
749317, 17392301, 1088978
749326, 17391547, 1071689
749333, 17392684, 1110989
749115, 17392041, 1079070
749251, 17390698, 1093947
748949, 17392027, 1089312
749273, 17392450, 1120912
749268, 17392209, 1135743
749399, 17393005, 1108415
749394, 17392936, 1113386
749299, 17390662, 1062036
749509, 17391492, 1103754
749061, 17389530, 1111464
749551, 17391882, 1058842
748986, 17390484, 1093943
749156, 17390816, 1096296
749171, 17390685, 1056872
749361, 17391656, 1039654
749840, 17391002, 1071681
749125, 17390848, 1113840
749198, 17392145, 1096166
749213, 17390420, 1106343
749328, 17390614, 1076027
749533, 17391086, 1118583
749424, 17392134, 1063946
749119, 17391748, 1069185
748859, 17390817, 1071694
749256, 17392989, 1074211
749430, 17390959, 1099217
749162, 17392399, 1094074
749451, 17392076, 1059045
749469, 17390374, 1059218
748892, 17391409, 1086445
749383, 17390316, 1088724
749510, 17392513, 1086395
749215, 17394383, 1106256
749251, 17391987, 1106179
749507, 17392038, 1096016
749442, 17390444, 1071822
749294, 17393577, 1068984
749539, 17393247, 1088959
749265, 17391092, 1096540
749407, 17390525, 1066585
749439, 17392559, 1113126
749346, 17391683, 1098261
749369, 17392048, 1098360
749204, 17390481, 1041626
749308, 17391082, 1091476
749285, 17391519, 1093779
749037, 17389871, 1069148
749159, 17391949, 1103755
749035, 17391921, 1036720
749196, 17390812, 1083954
749244, 17392003, 1108590
749392, 17391187, 1061528
749403, 17391150, 1066355
749047, 17390589, 1106559
749632, 17392030, 1069113
749469, 17390455, 1088369
749399, 17389452, 1086114
749242, 17391785, 1036837
749566, 17392069, 1088763
749483, 17392604, 1106457
749258, 17391049, 1088908
749356, 17391499, 1094027
749380, 17391787, 1104005
749143, 17392751, 1041805
749138, 17391729, 1086484
749429, 17390393, 1071850
749504, 17392048, 1089004
749079, 17391813, 1103741
749145, 17391998, 1081438
749230, 17391797, 1041623
749396, 17391985, 1091343
749157, 17391527, 1096496
749412, 17391843, 1115913
749161, 17392060, 1108283
749351, 17391145, 1068957
749376, 17390806, 1081473
749201, 17392548, 1111653
749222, 17391685, 1089097
749345, 17391826, 1106086
749189, 17391054, 1113495
749360, 17391043, 1118660
749346, 17391475, 1128598
749276, 17390917, 1076894
749361, 17393120, 1101568
749240, 17390534, 1083762
749027, 17393286, 1079324
