Gen, Sign, Ver
47864612, 360725416, 374911
47861562, 360734710, 365216
47863439, 360725731, 367474
47863983, 360736494, 399719
47864666, 360737588, 362480
47863699, 360731062, 397200
47866599, 360723885, 387137
47864036, 360732655, 372157
47863034, 360732258, 369868
47865487, 360727985, 364936
47862948, 360731468, 367453
47863961, 360727562, 332660
47864396, 360737128, 394660
47864562, 360728834, 347510
47861846, 360740884, 367466
47863102, 360725919, 389974
47863805, 360737242, 380021
47864013, 360734466, 374994
47863107, 360726659, 377084
47866244, 360727497, 367405
47865560, 360734455, 382065
47863188, 360729177, 392109
47863965, 360736682, 367338
47862121, 360725364, 355075
47865560, 360740725, 377329
47860818, 360733956, 382409
47862261, 360728862, 369909
47867187, 360733311, 389705
47863974, 360727332, 377351
47865773, 360727441, 357521
47863000, 360729203, 374998
47864049, 360724565, 414572
47864635, 360736077, 382341
47864273, 360727396, 384474
47862921, 360732192, 374925
47863727, 360732990, 372100
47864106, 360734360, 377268
47865551, 360728558, 377396
47861056, 360729856, 377319
47864691, 360729283, 364789
47865057, 360728714, 387168
47860713, 360734554, 380105
47864209, 360741421, 379713
47864414, 360730442, 379948
47863685, 360738141, 364844
47864566, 360729344, 387070
47865310, 360734520, 359838
47861754, 360728517, 377322
47862645, 360736842, 364841
47862422, 360731030, 372315
47863158, 360731643, 377523
47861017, 360732307, 389906
47863443, 360733224, 357498
47861923, 360738368, 399707
47863376, 360727577, 372243
47867176, 360741720, 350208
47864682, 360731045, 362343
47863269, 360725374, 379789
47863665, 360723632, 372585
47863335, 360735514, 382054
47865925, 360736339, 382286
47864527, 360733977, 362614
47863786, 360731795, 367347
47866473, 360738178, 374794
47863365, 360730041, 352388
47867255, 360740177, 352415
47865453, 360738481, 377268
47863289, 360731158, 364670
47861329, 360734122, 389612
47864798, 360724993, 384745
47865854, 360720894, 369981
47864078, 360733633, 364672
47865621, 360726699, 399636
47862473, 360725617, 370007
47864918, 360731474, 394407
47865784, 360730674, 377546
47863973, 360726887, 372383
47864543, 360736199, 379978
47862098, 360730405, 370173
47865601, 360730929, 364758
47867016, 360732350, 369944
47863731, 360731118, 355193
47863935, 360731631, 369934
47862065, 360738963, 362503
47864335, 360730516, 367332
47863623, 360726745, 402052
47866212, 360731229, 340267
47864368, 360731581, 365213
47863158, 360732756, 359754
47863616, 360735330, 384706
47862718, 360724400, 387078
47862867, 360725669, 364864
47865594, 360733678, 372631
47861928, 360731859, 360002
47863173, 360731615, 357438
47865967, 360732309, 370144
47865939, 360734437, 377601
47865905, 360731600, 350094
47861236, 360725315, 369689
47862316, 360732870, 412116
