Gen, Sign, Ver
2690852, 146262434, 3733434
2690608, 146267614, 3741993
2690077, 146265081, 3736113
2689795, 146266419, 3759406
2690265, 146258122, 3745194
2690263, 146261674, 3758198
2689949, 146263927, 3734770
2690127, 146260575, 3749911
2689910, 146265698, 3774583
2689970, 146261774, 3753830
2690167, 146260590, 3747430
2690327, 146266069, 3764374
2689833, 146259267, 3753485
2690538, 146260033, 3739392
2689871, 146264900, 3753538
2690140, 146265356, 3744009
2690398, 146266260, 3754643
2690504, 146269473, 3750819
