Gen, Sign, Ver
8548528, 326743828, 9817673
8547981, 326743107, 9835623
8547205, 326736270, 9816778
8547666, 326744699, 9768847
8546474, 326732445, 9760290
8548363, 326742150, 9701724
8548448, 326742391, 9786632
8546806, 326742453, 9786957
8547943, 326741404, 9755281
8548256, 326743504, 9803457
8548871, 326746151, 9805213
8548285, 326741483, 9856270
8548067, 326745365, 9755396
8547614, 326739879, 9795374
8546957, 326747467, 9905079
8548127, 326734591, 9808913
8546943, 326742727, 9793326
8547435, 326737448, 9800106
8549232, 326742566, 9734011
8546949, 326741269, 9777192
8546889, 326738894, 9803805
8547560, 326751995, 9808964
