Gen, Sign, Ver
2036104, 47208213, 3043156
2034743, 47208050, 2890030
2034639, 47208026, 2903929
2034717, 47208015, 2869152
2034631, 47208025, 2841332
2034697, 47208012, 3001313
2034643, 47208014, 2883055
2034642, 47208015, 2820468
2034633, 47208018, 2890038
2034656, 47208000, 2869149
2034641, 47208012, 2917838
2034639, 47208008, 2841335
2034703, 47208020, 2959579
2034627, 47208007, 2855236
2034654, 47208006, 2987385
2034639, 47208011, 2917841
2034645, 47208019, 3043044
2034712, 47208011, 2931750
2034638, 47208003, 2869151
2034634, 47208025, 2813499
2034648, 47208023, 2855242
2034647, 47208018, 2987406
2034635, 47208003, 2910881
2034633, 47208017, 3015239
2034691, 47207993, 2903921
2034649, 47208015, 2841329
2034663, 47208020, 2862191
2034636, 47208003, 2917839
2034700, 47208013, 2820457
2034650, 47208013, 2848286
2034658, 47208019, 2924807
2034662, 47208018, 2931732
2034693, 47208014, 2917842
2034638, 47208027, 2931754
2034630, 47208020, 2945662
2034646, 47208001, 2931754
2034637, 47208023, 2931754
2034645, 47208023, 2890025
