Gen, Sign, Ver
1055795, 24672183, 1452066
1054365, 24672013, 1441496
1054356, 24671973, 1497348
1054335, 24671982, 1469407
1054332, 24671999, 1458928
1054358, 24671967, 1493861
1054345, 24671983, 1448452
1054337, 24671970, 1479877
1054400, 24671978, 1444956
1054372, 24671980, 1413519
1054323, 24671979, 1441452
1054353, 24671975, 1441468
1054334, 24671984, 1437965
1054344, 24671974, 1469391
1054326, 24671972, 1437977
1054343, 24671964, 1479886
1054331, 24671981, 1396056
1054334, 24671972, 1448451
1054345, 24671966, 1451941
1054344, 24671987, 1451935
