Gen, Sign, Ver
130228287, 978289682, 1029083
130226904, 978289471, 1022012
130226873, 978289829, 966360
130226877, 978289429, 973326
130226855, 978289447, 1021985
130226879, 978289449, 987221
130226874, 978289443, 1001129
130226875, 978289430, 1015037
130226838, 978289442, 1015047
130226877, 978289449, 987224
130226879, 978289441, 1070690
130226859, 978289436, 987233
130226867, 978289436, 952438
130226871, 978289440, 952447
130226845, 978289434, 1042879
130226872, 978289431, 959393
130226886, 978289436, 1035920
130226932, 978289428, 1008095
130226866, 978289437, 1028985
130226867, 978289451, 938520
130226846, 978289427, 980261
130226853, 978289440, 980265
130226860, 978289445, 1021996
