Gen, Sign, Ver
66893052, 1025897845, 1385469
66891443, 1025898079, 1405952
66891455, 1025897678, 1378526
66891406, 1025897628, 1344259
66891434, 1025897582, 1412797
66891447, 1025897603, 1419634
66891401, 1025897575, 1423048
66891415, 1025897619, 1395647
66891413, 1025897585, 1371679
66891441, 1025897600, 1330553
66891421, 1025897626, 1368251
66891410, 1025897583, 1426481
66891435, 1025897613, 1385349
66891414, 1025897629, 1416217
66891436, 1025897582, 1371667
66891409, 1025897603, 1440183
66891405, 1025897617, 1419651
66891412, 1025897569, 1395670
66891417, 1025897580, 1402501
66891428, 1025897599, 1450469
66891426, 1025897626, 1457337
66891527, 1025897601, 1395670
66891418, 1025897593, 1378519
66891410, 1025897585, 1423062
66891512, 1025897566, 1388802
66891409, 1025897587, 1378530
66891439, 1025897601, 1381960
66891411, 1025897592, 1385386
66891514, 1025897592, 1399099
66891431, 1025897572, 1395652
66891428, 1025897623, 1385371
66891429, 1025897579, 1371687
66891432, 1025897580, 1381950
66891489, 1025897600, 1388817
66891420, 1025897584, 1368249
66891449, 1025897584, 1402484
66891410, 1025897608, 1409351
66891414, 1025897589, 1388815
66891439, 1025897615, 1409388
66891425, 1025897612, 1375110
66891485, 1025897579, 1364828
66891491, 1025897586, 1375092
66891432, 1025897605, 1412810
66891437, 1025897613, 1405933
66891425, 1025897612, 1388790
66891402, 1025897606, 1405943
66891460, 1025897581, 1412776
66891419, 1025897590, 1409383
66891422, 1025897647, 1361403
66891432, 1025897582, 1347698
66891430, 1025897581, 1402499
66891384, 1025897586, 1385364
66891438, 1025897612, 1409345
66891481, 1025897582, 1412762
66891437, 1025897588, 1429902
66891401, 1025897632, 1392236
66891423, 1025897608, 1429942
66891422, 1025897586, 1409364
66891404, 1025897606, 1399079
66891455, 1025897601, 1423061
66891505, 1025897593, 1405933
66891423, 1025897627, 1405920
66891435, 1025897571, 1399070
66891389, 1025897601, 1416216
66891412, 1025897592, 1405906
66891435, 1025897600, 1378534
66891419, 1025897593, 1426532
66891409, 1025897600, 1347709
66891416, 1025897595, 1381947
66891397, 1025897584, 1405922
66891415, 1025897598, 1412784
66891440, 1025897599, 1375082
66891444, 1025897580, 1378518
66891403, 1025897594, 1409350
66891397, 1025897590, 1409354
66891486, 1025897577, 1378514
66891402, 1025897566, 1426505
66891426, 1025897617, 1433372
66891429, 1025897581, 1423035
66891426, 1025897594, 1371683
66891435, 1025897591, 1405928
66891424, 1025897609, 1409353
66891451, 1025898082, 1368282
66891435, 1025897610, 1416228
66891413, 1025897617, 1385363
66891384, 1025897631, 1429935
66891403, 1025897587, 1381941
66891431, 1025897585, 1405913
66891407, 1025897573, 1399073
66891410, 1025897570, 1378506
66891425, 1025897606, 1423075
66891405, 1025897590, 1409367
66891435, 1025897607, 1392249
66891404, 1025897594, 1433350
66891507, 1025897588, 1395643
66891417, 1025897614, 1378503
66891431, 1025897620, 1402510
66891416, 1025897580, 1423074
66891425, 1025897608, 1378521
66891446, 1025897615, 1351150
