Gen, Sign, Ver
93173410, 1515800727, 2114237
93172900, 1515803879, 2142438
93172709, 1515802878, 2161368
93173114, 1515805046, 2137780
93171521, 1515804160, 2147088
93171823, 1515806887, 2170897
93172754, 1515802918, 2180134
93172660, 1515804701, 2151901
93171845, 1515801556, 2123707
93172720, 1515805677, 2081168
93172632, 1515805881, 2170878
93171944, 1515808819, 2104753
93172376, 1515802195, 2147087
93171963, 1515802751, 2194441
93172745, 1515803218, 2142408
93172144, 1515802140, 2161286
93171937, 1515800692, 2071710
93172319, 1515805013, 2170761
93172111, 1515803143, 2175421
93171482, 1515804267, 2161325
93172367, 1515800581, 2109382
93172352, 1515800684, 2194370
93172684, 1515802166, 2170715
93171796, 1515804485, 2128262
93171513, 1515804033, 2161311
93172521, 1515801095, 2175491
93171978, 1515804655, 2128350
93172015, 1515802876, 2132985
93172125, 1515802263, 2203784
93171628, 1515799830, 2189638
93172048, 1515804013, 2161369
93172569, 1515802478, 2137766
93172502, 1515802405, 2147161
93172109, 1515801531, 2095250
93172019, 1515804816, 2128273
93172137, 1515803934, 2123641
93172772, 1515804393, 2180123
93172020, 1515803881, 2062328
93172787, 1515804573, 2151851
93171779, 1515805515, 2147188
93171715, 1515803951, 2132989
93172686, 1515803877, 2166023
93172156, 1515802508, 2137739
93171717, 1515802904, 2128415
93172639, 1515804658, 2142565
93172407, 1515803032, 2142319
93172025, 1515805309, 2147277
93171844, 1515803814, 2104736
93171322, 1515805722, 2142413
93172096, 1515802057, 2123557
93171827, 1515799583, 2128264
93171884, 1515804081, 2142473
93171638, 1515800908, 2194352
93171816, 1515804915, 2147212
93172817, 1515804576, 2090472
93171943, 1515804662, 2137692
93172864, 1515801616, 2095212
93172874, 1515803964, 2208535
93171941, 1515800852, 2184944
93171971, 1515803677, 2170842
93172328, 1515807264, 2166131
93172857, 1515805446, 2114161
93171705, 1515803811, 2147173
93172724, 1515802432, 2194328
93171880, 1515803610, 2109396
93172549, 1515806732, 2151734
93172973, 1515802825, 2184962
93172286, 1515804255, 2085731
93172173, 1515805491, 2118814
93172676, 1515802195, 2142507
93171704, 1515804158, 2142369
93172457, 1515806121, 2142432
93172130, 1515802295, 2137720
93172051, 1515800515, 2161335
93172358, 1515803974, 2104644
93173143, 1515805531, 2142502
93172517, 1515802678, 2099915
93172478, 1515804941, 2170848
93172558, 1515801884, 2194379
93172019, 1515799952, 2128203
93171968, 1515805398, 2156641
93171982, 1515806884, 2114053
93172378, 1515807485, 2076415
93172229, 1515805735, 2147147
93172123, 1515802115, 2095271
93171867, 1515801035, 2227335
93172303, 1515803154, 2085817
93172793, 1515803703, 2095273
93171729, 1515806262, 2090464
93172028, 1515803497, 2184928
93171926, 1515804959, 2189683
93172306, 1515803073, 2217974
93172741, 1515805158, 2090502
93171990, 1515803541, 2118940
93171857, 1515801243, 2099973
93172595, 1515803589, 2142381
93172585, 1515806168, 2128220
93171938, 1515803395, 2147155
93172752, 1515801970, 2114164
93171917, 1515802503, 2095334
