Gen, Sign, Ver
5829394, 137253872, 3910734
5827935, 137253158, 3863418
5827720, 137252389, 3821066
5827877, 137253900, 3905937
5827723, 137253380, 3967152
5827866, 137253051, 3896397
5827840, 137253673, 3825670
5827660, 137254004, 3868192
5827717, 137253576, 3778392
5827947, 137253404, 3872970
5827667, 137253512, 3920022
5827768, 137253197, 3821025
5827812, 137253144, 3934131
5827847, 137253595, 3868087
5827634, 137253179, 3971978
5827814, 137252951, 3816364
5827611, 137253013, 3901117
5827816, 137253284, 3868162
5827722, 137252919, 3844665
5827818, 137253098, 3811641
5827590, 137252814, 3816310
5827893, 137253921, 3967261
5827795, 137253806, 3886846
5827807, 137253364, 3976699
5827793, 137252253, 3821020
5827873, 137252879, 3887074
5827793, 137253492, 3816190
5827762, 137252992, 3844506
5827971, 137253315, 3839884
5827969, 137252523, 3863600
5827945, 137253379, 3811513
5827844, 137253537, 3868094
5827926, 137253674, 3849293
5827840, 137252585, 3896639
5827839, 137253635, 3986245
5827768, 137253867, 3929424
5827962, 137252915, 3754836
5827646, 137251899, 3948448
5827717, 137252431, 3887011
5827904, 137253123, 3811618
5827933, 137253883, 3924824
5827866, 137252097, 3915227
5827779, 137253243, 3868129
5827831, 137253050, 3835116
5827900, 137253078, 3891778
5827807, 137253757, 3825737
5827809, 137252633, 3849281
5827689, 137252730, 3868291
5827705, 137252876, 3891714
5827795, 137253870, 3849370
5827785, 137253425, 3811697
5827725, 137252588, 3816372
5827671, 137253030, 3858777
5827725, 137252817, 3820968
5827782, 137253500, 3820857
5827702, 137252627, 3816172
5827756, 137254882, 3797478
5827712, 137253563, 3821109
5827815, 137252813, 3877570
5827708, 137253570, 3778366
5827920, 137253066, 3915328
5827730, 137252625, 3877700
5828121, 137252882, 3835128
5827877, 137254014, 3835178
5827962, 137252102, 3811564
5827947, 137253017, 3820930
5827762, 137253591, 3910615
5827962, 137252366, 3967289
5827686, 137253808, 3835035
5827741, 137252942, 3915381
5827903, 137253390, 3868163
5827840, 137252170, 3872979
5827820, 137252997, 3872844
5827752, 137252707, 3943630
5827833, 137253072, 3877479
5827763, 137252720, 3825661
5827885, 137253670, 3839792
5827972, 137252169, 3901250
5827882, 137253340, 3835315
5827762, 137253186, 3806798
5827857, 137253377, 3872993
5827743, 137252891, 3835237
5827962, 137253339, 3948481
5827752, 137252719, 3990944
5827606, 137252606, 3905929
5827732, 137252155, 3906022
5827873, 137252090, 3872835
5827802, 137253932, 3910576
5816779, 136936800, 3798579
5814770, 136937288, 3916253
5814727, 136937591, 3949152
5814795, 136936715, 3897189
5814655, 136936400, 3963293
5814696, 136937525, 3892703
5814681, 136936358, 3826636
5814624, 136937131, 3873676
5814714, 136936966, 3826658
5814687, 136937401, 3920947
5814657, 136937530, 4010358
5814798, 136937280, 3840961
