Gen, Sign, Ver
4186718, 95446684, 2538348
4185127, 95446433, 2582801
4185171, 95446420, 2627326
4185127, 95446428, 2641041
4185075, 95446429, 2551939
4185099, 95446420, 2617056
4185113, 95446408, 2548514
4185102, 95446415, 2524546
4185098, 95446432, 2637582
4185127, 95446403, 2534819
4185109, 95446427, 2548514
4185107, 95446428, 2634162
4185104, 95446421, 2572525
4185086, 95446399, 2644437
4185085, 95446386, 2610185
4185092, 95446442, 2555384
4185111, 95446454, 2593067
4185109, 95446434, 2596479
4185107, 95446457, 2617045
4185100, 95446434, 2565674
4185099, 95446421, 2668434
4185092, 95446439, 2599879
4185099, 95446408, 2558793
4185090, 95446438, 2579353
4185120, 95446418, 2617053
4185089, 95446440, 2627321
4185094, 95446427, 2620465
4185097, 95446452, 2569091
4185128, 95446451, 2603315
4185104, 95446404, 2658165
4185079, 95446410, 2593075
4185169, 95446427, 2606746
4185087, 95446415, 2541634
4185120, 95446440, 2582773
4185100, 95446425, 2579355
4185091, 95446415, 2606754
4185110, 95446423, 2623904
4185116, 95446412, 2558816
4185096, 95446433, 2606785
4185196, 95446424, 2658163
4185116, 95446407, 2599919
4185106, 95446429, 2610207
4185104, 95446423, 2613618
4185104, 95446416, 2579353
4185107, 95446419, 2661595
4185096, 95446435, 2593038
4185099, 95446423, 2551954
4185098, 95446425, 2623925
4185076, 95446414, 2613613
4185083, 95446431, 2610208
4185096, 95446440, 2589611
4185099, 95446416, 2617037
4185090, 95446427, 2593078
4185122, 95446454, 2589598
4185177, 95446447, 2572507
4185108, 95446413, 2569122
4185107, 95446429, 2527971
4185115, 95446435, 2589642
4185114, 95446417, 2548521
4185096, 95446445, 2582786
4185093, 95446449, 2699253
4185105, 95446421, 2613598
4185094, 95446470, 2593088
4185167, 95446434, 2558781
4185114, 95446435, 2610176
4185089, 95446415, 2620452
4185117, 95446428, 2613624
4185103, 95446411, 2555385
4185126, 95446391, 2589622
4185100, 95446409, 2654706
4185095, 95446401, 2627311
4185108, 95446428, 2678714
4185179, 95446424, 2579354
4185146, 95446438, 2634175
4185142, 95446448, 2637620
4185105, 95446422, 2569073
4185104, 95446413, 2654731
4185082, 95446416, 2634183
4185078, 95446430, 2569097
4185098, 95446390, 2565636
4185102, 95446406, 2579319
4185096, 95446417, 2555384
4185106, 95446424, 2589611
4185091, 95446426, 2541679
4185107, 95446404, 2647908
4185123, 95446437, 2617025
4185096, 95446450, 2548558
4185085, 95446445, 2579362
4185072, 95446392, 2555375
4185118, 95446399, 2627304
4185180, 95446430, 2596488
4185105, 95446408, 2637590
4185099, 95446417, 2589660
4185114, 95446415, 2579363
4185110, 95446419, 2593088
4185078, 95446438, 2668467
4185099, 95446431, 2630739
4185090, 95446417, 2555390
4185096, 95446435, 2606779
4185095, 95446433, 2634172
