Gen, Sign, Ver,
70627, 98617, 72601
69558, 131865, 72512
69557, 439105, 72512
69114, 288304, 72511
69109, 215381, 72511
70005, 260571, 72512
69709, 98299, 72521
69253, 349822, 72516
69559, 126112, 72520
69252, 159833, 72518
69263, 232692, 72511
70151, 181730, 72516
69708, 98289, 72518
69560, 131895, 72512
69259, 126074, 72511
69260, 126189, 72516
69857, 215309, 72519
69859, 165393, 72512
69708, 165402, 72511
70151, 321793, 72519
69253, 645595, 72513
69559, 249038, 72510
69112, 282787, 72514
69705, 159918, 72514
69118, 159714, 72512
69113, 321788, 72519
69260, 98292, 72517
69411, 562192, 72512
69706, 193422, 72519
69259, 199249, 72512
69258, 187501, 72520
69856, 316366, 72520
69115, 153950, 72513
69857, 338337, 72511
69561, 98298, 72511
69412, 388654, 72512
70006, 635283, 72514
69709, 332663, 72517
68964, 522743, 72512
69411, 455830, 72511
69557, 389153, 72512
69410, 98297, 72513
69556, 159695, 72510
69707, 294114, 72514
70004, 131925, 72511
70007, 506168, 72510
69259, 322161, 72521
69703, 165453, 72519
69404, 165520, 72513
69264, 209762, 72512
69708, 193403, 72510
69855, 484572, 72510
69114, 215370, 72513
69557, 243383, 72508
69854, 126140, 72511
69410, 159695, 72512
69262, 226955, 72513
69112, 98297, 72513
69410, 221246, 72509
69704, 131875, 72518
69856, 187654, 72511
69707, 131897, 72513
69704, 159894, 72512
69556, 316385, 72509
69709, 215675, 72512
69560, 98297, 72512
69409, 193459, 72519
69707, 126137, 72518
69853, 254573, 72512
69557, 450525, 72518
69706, 254745, 72509
69263, 126229, 72509
69558, 98299, 72510
69856, 248969, 72513
69706, 159726, 72510
69859, 159660, 72519
69709, 98298, 72511
70004, 98299, 72512
68817, 126078, 72519
69261, 445539, 72511
69854, 193325, 72512
69558, 165491, 72520
69560, 187479, 72520
69557, 215509, 72511
69253, 98298, 72518
69699, 98286, 72519
69260, 126170, 72509
70003, 165676, 72513
70004, 249091, 72512
69704, 131855, 72512
69410, 165576, 72520
69113, 215357, 72510
69114, 159848, 72515
69705, 227103, 72510
69709, 255041, 72513
69409, 98299, 72512
69411, 215498, 72511
70002, 159783, 72510
69556, 98297, 72511
69560, 165633, 72512
69265, 316230, 72513
69409, 131841, 72511
69410, 98299, 72512
69111, 98297, 72512
69409, 165606, 72511
69261, 98298, 72511
69261, 98298, 72512
69559, 316473, 72511
69558, 98297, 72511
70005, 249005, 72510
69707, 372197, 72518
69411, 193447, 72513
69405, 126083, 72508
69708, 98297, 72512
68964, 131945, 72512
69252, 159733, 72518
69555, 199203, 72511
69709, 193164, 72511
69558, 98298, 72512
69856, 310626, 72516
69859, 193376, 72512
69856, 132000, 72514
69261, 193445, 72509
69262, 98296, 72511
69261, 159733, 72518
70152, 439031, 72516
69561, 165569, 72513
69708, 98298, 72518
69253, 98299, 72518
69409, 165517, 72510
69263, 193228, 72512
69407, 159914, 72512
69558, 355684, 72511
68966, 416315, 72520
69705, 193424, 72511
69410, 126111, 72512
69262, 98297, 72511
69556, 322293, 72517
69402, 98298, 72521
69409, 98290, 72519
70002, 98292, 72517
69855, 187576, 72519
69559, 126198, 72518
70299, 294161, 72510
69557, 98298, 72510
69409, 209708, 72518
69700, 98300, 72521
69853, 126136, 72512
69855, 489882, 72519
68816, 488856, 72516
69558, 316227, 72517
70007, 288530, 72517
69560, 187584, 72519
69262, 98292, 72517
69409, 254758, 72511
69112, 478825, 72511
69854, 193374, 72510
69707, 131951, 72512
69409, 131870, 72513
68964, 226962, 72518
69559, 154008, 72511
69411, 187733, 72512
69556, 221167, 72518
70153, 131858, 72510
69411, 388083, 72512
69707, 98297, 72511
69557, 98297, 72509
69261, 215311, 72513
69705, 98297, 72510
69562, 254774, 72514
69261, 293966, 72513
70007, 165430, 72512
69856, 159801, 72511
69409, 98297, 72510
69558, 226948, 72512
69855, 199249, 72521
69557, 98290, 72519
69558, 98291, 72514
69558, 98290, 72518
69560, 193434, 72511
69262, 126084, 72513
69705, 282698, 72518
69856, 349764, 72512
69407, 131844, 72510
69409, 98298, 72509
69707, 495022, 72511
69110, 412263, 72509
69706, 98294, 72513
69556, 159754, 72518
69557, 227020, 72516
70005, 131863, 72513
70299, 165521, 72511
70001, 98296, 72513
70149, 209811, 72508
69706, 221347, 72518
69263, 254896, 72511
69855, 98297, 72512
69412, 221349, 72511
69559, 131843, 72512
69709, 310569, 72512
70309, 276953, 72510
69408, 187717, 72511
69710, 126160, 72513
69260, 98296, 72511
69557, 98299, 72512
69559, 209737, 72517
69856, 131941, 72514
69855, 187438, 72511
69706, 98299, 72512
69557, 221173, 72511
69557, 126137, 72512
69856, 126189, 72511
69709, 187694, 72511
69557, 131896, 72521
70003, 154053, 72512
69852, 181759, 72520
70002, 98296, 72509
69263, 288321, 72513
69706, 159752, 72511
69706, 98298, 72511
69854, 131833, 72520
69404, 322078, 72511
68967, 98297, 72511
69857, 98296, 72513
69856, 461169, 72512
69260, 187587, 72512
69411, 187653, 72510
69260, 98299, 72511
69258, 131857, 72517
69706, 344298, 72513
69261, 383515, 72512
69411, 215470, 72518
69854, 131949, 72512
69557, 534365, 72511
69559, 126178, 72519
69408, 194080, 72509
69707, 153952, 72511
69854, 154076, 72519
69256, 193314, 72513
69561, 198980, 72511
70003, 254836, 72512
69855, 165712, 72510
69710, 98297, 72513
69706, 360123, 72510
70154, 316315, 72511
69708, 98296, 72513
69412, 344241, 72517
69708, 232659, 72512
68965, 165548, 72511
69707, 98297, 72513
69856, 153976, 72518
68964, 126089, 72510
69261, 221152, 72509
69855, 226840, 72518
69115, 131950, 72512
69707, 98298, 72512
69705, 618159, 72510
69558, 153910, 72512
69408, 159752, 72513
69855, 126078, 72512
69709, 154032, 72512
69849, 126150, 72510
69856, 254734, 72512
69707, 165555, 72512
69263, 165458, 72519
69261, 98290, 72517
69855, 349607, 72512
69410, 98297, 72510
69558, 126222, 72510
70004, 282627, 72510
69260, 249003, 72512
70152, 131858, 72511
69411, 310597, 72510
69261, 221178, 72510
69859, 98299, 72520
69553, 126133, 72512
69557, 322306, 72512
69411, 165379, 72519
69253, 98298, 72520
69261, 389197, 72518
69854, 98298, 72510
68966, 193372, 72510
69113, 187480, 72511
69261, 377836, 72512
69854, 98299, 72512
69855, 215594, 72512
69112, 131916, 72511
69560, 131905, 72512
69857, 165582, 72520
69559, 126229, 72516
69106, 126141, 72510
69410, 344050, 72511
69114, 98299, 72511
69409, 165457, 72518
69856, 98299, 72509
69111, 126220, 72516
69558, 126088, 72511
69113, 467051, 72510
69557, 126089, 72511
69408, 126220, 72512
69408, 131873, 72512
69558, 98298, 72510
69410, 132008, 72511
69112, 126099, 72518
69259, 221252, 72510
69407, 98296, 72511
70152, 131983, 72513
69708, 126195, 72511
70006, 98300, 72512
69262, 165643, 72511
69555, 226901, 72511
69856, 131926, 72519
69559, 98292, 72518
69558, 243328, 72510
69259, 131925, 72520
69557, 199067, 72517
69407, 126067, 72511
69410, 165629, 72510
69707, 98298, 72511
69263, 221366, 72519
68963, 366136, 72512
69707, 159727, 72518
70147, 126127, 72517
69402, 187630, 72517
69706, 221206, 72512
69261, 623620, 72510
68816, 193629, 72513
69112, 193312, 72513
69560, 371809, 72511
69853, 159849, 72512
69407, 159682, 72512
69708, 98298, 72512
69708, 98299, 72512
69707, 227707, 72511
69559, 199000, 72520
69561, 98292, 72519
70002, 98291, 72518
69558, 159755, 72507
69557, 98299, 72513
69112, 131948, 72511
69853, 131901, 72512
69556, 165612, 72519
69556, 126129, 72512
69855, 165493, 72513
69856, 98298, 72511
69711, 131837, 72520
69559, 126145, 72518
69706, 260564, 72513
69409, 288414, 72512
69855, 215446, 72519
69855, 181842, 72509
70299, 166235, 72512
69409, 181902, 72510
69558, 98299, 72519
70002, 131933, 72511
69412, 193432, 72520
69104, 288486, 72519
69854, 98291, 72520
69410, 310606, 72511
69856, 193473, 72520
69553, 132009, 72512
69707, 254914, 72518
69708, 187599, 72517
69409, 193339, 72511
69114, 316335, 72510
69410, 153981, 72516
69412, 266307, 72511
69854, 377617, 72511
70159, 349727, 72518
69706, 193475, 72512
69556, 153935, 72511
68966, 254897, 72516
69408, 98291, 72518
69855, 193431, 72510
69411, 455276, 72511
70002, 159761, 72512
69853, 254911, 72512
69558, 98298, 72512
69850, 126175, 72513
69702, 294345, 72518
69260, 98289, 72520
69410, 159782, 72510
70004, 528199, 72514
69261, 131864, 72511
69857, 98297, 72511
69558, 131918, 72519
69856, 187678, 72511
70002, 215494, 72518
69409, 98289, 72520
69410, 98291, 72518
69261, 131878, 72511
69560, 193470, 72517
69706, 405465, 72510
69557, 153987, 72514
69852, 98298, 72512
69705, 131888, 72518
69708, 366534, 72510
69407, 98296, 72509
69263, 243440, 72511
69859, 165454, 72513
69409, 193406, 72511
69707, 159774, 72516
69114, 159740, 72518
69559, 126097, 72519
69559, 294337, 72510
69411, 126104, 72511
69412, 126170, 72511
69559, 98298, 72511
69113, 126078, 72517
69412, 282546, 72512
69410, 153922, 72512
69704, 159834, 72510
69259, 288682, 72513
69854, 159872, 72513
69261, 153986, 72509
69858, 316322, 72514
69855, 126201, 72518
69707, 98293, 72520
69559, 227091, 72519
68965, 199375, 72511
69263, 248965, 72513
70003, 506409, 72511
69855, 131985, 72510
69709, 126104, 72512
69261, 126135, 72511
70002, 322136, 72511
69558, 98299, 72512
69706, 98296, 72509
69709, 98298, 72521
69410, 165564, 72512
69410, 98301, 72511
69407, 98299, 72511
70004, 187720, 72511
69561, 193181, 72509
69560, 98299, 72513
69556, 248956, 72512
69562, 813664, 72520
69413, 131868, 72510
70002, 159685, 72513
70151, 316469, 72512
69409, 131857, 72517
69558, 98297, 72513
69262, 288252, 72513
69556, 126130, 72517
69857, 98292, 72519
69556, 98296, 72510
69557, 98296, 72511
69264, 221140, 72515
69709, 98300, 72513
69558, 131964, 72518
69558, 98290, 72517
69709, 98292, 72522
69560, 321906, 72512
69263, 159682, 72512
69558, 276812, 72512
69260, 254961, 72511
69707, 159653, 72514
69263, 199187, 72513
69706, 433608, 72511
69558, 98298, 72512
69262, 282537, 72513
69260, 187620, 72509
69711, 310715, 72520
69412, 227121, 72519
69698, 126162, 72511
69706, 187442, 72512
69261, 98299, 72514
69409, 266189, 72511
69856, 98299, 72511
69852, 98298, 72511
69262, 294178, 72510
69260, 327765, 72511
69260, 98298, 72512
69705, 193460, 72519
70151, 131888, 72511
69707, 159783, 72512
68963, 126123, 72510
69412, 221215, 72513
69114, 159737, 72520
69253, 221143, 72512
69261, 338493, 72511
69708, 98298, 72512
69856, 165524, 72512
68966, 209724, 72511
70003, 255035, 72516
68968, 153900, 72515
69560, 294180, 72515
69258, 159826, 72510
69558, 98297, 72512
69858, 260706, 72512
69262, 248816, 72510
69848, 209815, 72518
69704, 300073, 72511
69408, 165372, 72516
69857, 126232, 72519
69555, 98290, 72516
69261, 98290, 72519
69705, 98291, 72518
69855, 276940, 72516
70006, 98299, 72511
69559, 221217, 72512
69260, 215655, 72512
69262, 277190, 72513
69412, 98298, 72511
69412, 131895, 72512
69708, 98298, 72514
69706, 98298, 72513
69706, 126072, 72509
69857, 98298, 72511
69855, 126099, 72512
69706, 221072, 72518
69550, 98296, 72518
69556, 98290, 72517
69408, 316248, 72511
69707, 187522, 72512
69558, 98296, 72519
69253, 98296, 72518
69705, 165501, 72510
69854, 126155, 72509
69111, 126219, 72513
69855, 322873, 72521
69708, 288280, 72519
69260, 338268, 72519
69705, 131950, 72511
69706, 98297, 72513
69556, 159654, 72511
69556, 131831, 72517
69709, 98297, 72511
69412, 165497, 72519
69557, 215503, 72510
70448, 98298, 72512
69854, 187664, 72519
69699, 181858, 72513
69560, 131980, 72513
70002, 126168, 72514
69558, 394026, 72510
69556, 226912, 72509
69558, 98297, 72512
68965, 288613, 72513
69411, 248863, 72513
69851, 389324, 72509
69114, 98299, 72513
69560, 254904, 72512
69112, 126074, 72520
70153, 98298, 72511
69558, 484184, 72511
69854, 154003, 72510
69704, 181930, 72510
69401, 165482, 72510
69855, 98298, 72512
69558, 193442, 72512
69558, 288201, 72512
69705, 372030, 72512
69262, 98299, 72511
69705, 126160, 72511
69707, 98298, 72512
69557, 126080, 72512
69706, 131869, 72518
69260, 126104, 72510
69709, 165631, 72513
69707, 159837, 72511
69259, 227611, 72511
69559, 98297, 72510
69556, 221354, 72511
70153, 98300, 72512
70150, 98298, 72513
69258, 310554, 72511
70001, 209626, 72518
69846, 199047, 72519
69560, 153849, 72510
69557, 344260, 72510
69258, 165506, 72518
69857, 153909, 72513
69857, 131863, 72509
69555, 159748, 72511
69262, 165563, 72516
69708, 254914, 72512
69262, 98298, 72511
69558, 126121, 72512
69263, 350126, 72521
69846, 98296, 72520
69852, 98289, 72518
69705, 98290, 72517
69857, 232763, 72510
70001, 159945, 72518
69853, 98290, 72517
69707, 199257, 72508
69710, 98297, 72511
69410, 126091, 72517
69708, 98291, 72518
69560, 327654, 72521
69561, 405485, 72511
69404, 349907, 72518
69410, 221182, 72512
69261, 131874, 72511
69115, 165467, 72511
70007, 98299, 72511
69706, 406125, 72511
69263, 98297, 72513
70300, 221445, 72518
68956, 181810, 72513
69263, 612234, 72512
69559, 98298, 72511
69114, 159869, 72519
69561, 215372, 72513
69411, 221211, 72519
69856, 98292, 72517
69410, 126172, 72520
69708, 98292, 72518
68964, 322152, 72513
69409, 332536, 72512
69559, 98296, 72518
70001, 98290, 72517
69558, 226826, 72517
69404, 98299, 72520
69413, 126138, 72515
69409, 372025, 72512
69409, 98295, 72513
69556, 338401, 72511
68815, 98299, 72512
69556, 98297, 72510
69409, 187593, 72512
69410, 98296, 72512
70004, 126079, 72514
69260, 98295, 72510
69411, 193291, 72514
69857, 294461, 72514
69409, 98297, 72511
69705, 165568, 72511
70002, 153987, 72516
69856, 254756, 72512
69707, 226983, 72513
69856, 221352, 72517
69708, 98291, 72518
69857, 126133, 72518
69261, 193488, 72514
69854, 98297, 72510
69857, 372202, 72518
69854, 131830, 72510
69708, 310562, 72513
69263, 98299, 72511
69559, 181875, 72511
69558, 215465, 72517
69410, 165732, 72510
69259, 193385, 72513
69409, 528501, 72510
69557, 316470, 72511
69410, 282755, 72514
69707, 355959, 72510
70002, 98299, 72513
69856, 316190, 72511
69262, 193398, 72517
69854, 131865, 72513
69557, 199085, 72509
68817, 131863, 72516
69258, 187660, 72518
69413, 338377, 72520
69855, 282681, 72513
69705, 131879, 72518
69856, 153966, 72513
69259, 226970, 72510
69704, 411425, 72511
69708, 165495, 72512
69708, 98300, 72511
69850, 310768, 72516
69708, 131838, 72511
69558, 372036, 72518
69253, 132000, 72512
69556, 153979, 72519
69557, 98292, 72518
69558, 349844, 72512
69707, 98300, 72510
69558, 98297, 72511
69410, 98298, 72512
69706, 98297, 72512
69558, 199273, 72511
68963, 322036, 72521
69854, 126104, 72513
69410, 227011, 72512
69409, 254946, 72512
68667, 98296, 72510
69411, 98297, 72512
69561, 131937, 72511
69406, 193541, 72512
69558, 98297, 72510
69260, 366447, 72511
69260, 98298, 72510
69113, 215353, 72520
69262, 98291, 72518
69413, 98291, 72517
69854, 271022, 72510
70002, 282562, 72519
68956, 98289, 72517
69561, 159748, 72514
69556, 98294, 72512
69707, 98297, 72509
69705, 98298, 72510
69409, 187525, 72511
69856, 131886, 72512
69559, 131889, 72514
70301, 165390, 72520
69264, 254729, 72510
69263, 98300, 72514
69260, 98298, 72515
69559, 165650, 72512
69560, 131857, 72520
69855, 98291, 72519
69856, 399641, 72512
69263, 98299, 72512
69562, 98299, 72511
69853, 545647, 72520
69268, 98298, 72514
69852, 249160, 72512
69263, 98299, 72514
69556, 126229, 72509
69860, 126167, 72518
69411, 126226, 72519
69706, 260514, 72512
69707, 126187, 72516
69560, 154001, 72511
69409, 165488, 72512
69259, 98298, 72511
69855, 249062, 72513
70150, 226998, 72511
69408, 98298, 72511
70001, 215558, 72511
69853, 249100, 72510
69705, 98299, 72508
69412, 98296, 72510
68966, 193263, 72511
69114, 98297, 72511
69853, 98296, 72512
69410, 277132, 72510
69706, 221085, 72511
69709, 416958, 72511
69707, 310440, 72511
69410, 131972, 72511
69559, 126216, 72517
69262, 383734, 72512
68815, 126126, 72512
70004, 154130, 72520
69704, 126105, 72519
69402, 98298, 72517
69706, 159696, 72513
69707, 131892, 72511
69259, 159759, 72511
69259, 98295, 72510
69410, 98299, 72513
69708, 98297, 72520
69706, 98290, 72517
69407, 159796, 72509
69410, 159661, 72509
69556, 126134, 72511
69706, 265369, 72520
69704, 187559, 72518
70003, 187646, 72519
69410, 221128, 72513
69561, 165405, 72519
69264, 310564, 72511
69113, 311358, 72511
69262, 221108, 72520
70005, 98289, 72520
69559, 98291, 72515
69114, 138428, 72519
69559, 98297, 72510
69561, 98298, 72511
69705, 187716, 72511
69858, 126159, 72517
69854, 193420, 72512
69857, 131988, 72512
70002, 131903, 72510
68962, 243414, 72518
69414, 98299, 72512
69411, 159641, 72513
70005, 98298, 72510
68964, 126092, 72513
69115, 427804, 72511
69261, 221143, 72511
69559, 98298, 72510
69705, 131938, 72521
69112, 165437, 72513
69560, 198996, 72512
69113, 98299, 72511
69557, 98298, 72511
69550, 98296, 72518
69557, 98290, 72516
69705, 131836, 72512
69559, 98297, 72513
70001, 221326, 72512
69560, 165588, 72510
70003, 316399, 72514
69557, 282808, 72518
69557, 131898, 72511
69854, 153980, 72520
69706, 439492, 72511
70003, 294278, 72518
70154, 98290, 72518
70007, 276799, 72517
69558, 98290, 72517
69408, 316310, 72517
70004, 98291, 72519
69707, 153940, 72512
69260, 131872, 72517
69708, 266282, 72519
69408, 98290, 72520
69705, 98289, 72518
69562, 227108, 72519
69411, 159843, 72513
69707, 221259, 72512
69708, 255151, 72513
69557, 98297, 72513
69115, 165595, 72518
69708, 226837, 72519
69560, 215354, 72513
69410, 98300, 72512
69556, 232651, 72512
70002, 260611, 72512
70005, 187552, 72512
69411, 215345, 72514
69559, 98298, 72511
69559, 98297, 72511
69558, 226946, 72512
69555, 343969, 72519
68814, 232766, 72510
70150, 165479, 72512
69409, 98297, 72510
69704, 98298, 72509
69558, 467284, 72512
69706, 126134, 72511
69409, 282697, 72511
69409, 98299, 72510
69412, 98297, 72511
69855, 249082, 72518
69408, 254930, 72512
69557, 98298, 72512
69557, 271200, 72513
69558, 131882, 72512
69259, 131864, 72512
69857, 165575, 72513
69707, 98299, 72517
69115, 98301, 72512
69260, 159852, 72520
69561, 254814, 72511
69706, 338322, 72510
69558, 377586, 72511
69856, 534037, 72512
69558, 98297, 72514
69408, 98296, 72511
69557, 237466, 72512
69856, 98299, 72515
69560, 98297, 72510
69559, 159829, 72514
69707, 506411, 72509
69261, 232756, 72517
69559, 322174, 72511
69261, 159732, 72512
69706, 98297, 72511
69856, 383621, 72511
69705, 153989, 72516
69556, 227054, 72518
70002, 131908, 72514
69408, 98297, 72511
69559, 131912, 72512
68957, 98295, 72511
69411, 344132, 72510
69858, 132004, 72520
69706, 126160, 72513
70004, 411423, 72512
70298, 131846, 72510
69409, 226920, 72510
69260, 98297, 72508
70003, 377921, 72511
69859, 126169, 72512
69558, 131930, 72518
69409, 294227, 72513
69707, 159836, 72508
69409, 98298, 72511
70002, 227103, 72511
69562, 165724, 72508
69557, 193197, 72511
69411, 98297, 72512
69858, 405527, 72519
69853, 98290, 72517
69559, 98298, 72513
69264, 199080, 72511
69559, 166241, 72520
69705, 159632, 72513
69855, 165515, 72519
69707, 126085, 72518
69410, 126205, 72512
69408, 248960, 72519
70151, 98291, 72517
69265, 126175, 72512
70005, 98298, 72518
69556, 187584, 72517
69707, 131839, 72512
69559, 98298, 72511
69855, 321864, 72513
69856, 344190, 72513
69411, 485068, 72512
69857, 98299, 72512
69263, 215320, 72518
69559, 98291, 72519
69115, 270980, 72510
69559, 349950, 72512
70003, 98298, 72509
68965, 181955, 72518
70149, 98298, 72512
69407, 322155, 72510
69111, 294030, 72511
69557, 126141, 72517
69259, 126089, 72513
69705, 98296, 72518
69403, 98297, 72516
69858, 126170, 72509
69560, 126122, 72510
69263, 187515, 72511
69559, 562452, 72518
69558, 159685, 72508
69115, 226893, 72519
69709, 629305, 72511
69263, 248887, 72512
69557, 98297, 72513
69263, 215513, 72510
69707, 159752, 72510
69411, 98297, 72510
69112, 126200, 72512
69115, 159730, 72512
69410, 193281, 72519
69403, 98299, 72521
69557, 98291, 72519
69559, 98291, 72517
69556, 153907, 72511
69561, 321943, 72519
69410, 199105, 72511
69408, 254827, 72519
69855, 227032, 72511
69856, 199111, 72520
69559, 98291, 72518
68964, 288247, 72519
70151, 153992, 72511
69261, 299949, 72519
69555, 226995, 72510
68960, 187674, 72512
69413, 98300, 72513
69410, 98297, 72512
69104, 126174, 72511
69262, 187523, 72510
70003, 132006, 72516
69409, 159858, 72511
69265, 193497, 72512
69115, 126234, 72513
69111, 98297, 72511
69707, 187536, 72513
69410, 98301, 72510
69560, 165518, 72513
69706, 98298, 72514
69706, 98300, 72512
69709, 98298, 72509
69410, 383494, 72513
69707, 98296, 72511
69559, 98299, 72511
69557, 326847, 72511
69558, 131893, 72512
69706, 249001, 72513
70004, 153996, 72511
69709, 98295, 72510
69705, 154000, 72512
69410, 98298, 72513
69557, 98296, 72512
69262, 131925, 72509
69559, 193500, 72511
69706, 221189, 72510
69557, 226890, 72511
69708, 98300, 72513
69706, 98299, 72512
69705, 165516, 72511
69558, 221068, 72512
69557, 131978, 72512
70154, 226981, 72512
69261, 288522, 72511
69558, 165575, 72517
69853, 226900, 72519
70004, 98293, 72520
68965, 858764, 72516
69707, 187427, 72519
70002, 282781, 72511
69707, 193624, 72511
69114, 181890, 72511
69853, 221158, 72517
69854, 646460, 72511
69262, 310653, 72518
69704, 98297, 72510
69410, 131864, 72513
70004, 98296, 72511
70004, 98298, 72513
70006, 366293, 72512
69854, 193179, 72509
69262, 98297, 72511
69706, 159763, 72511
