Gen, Sign, Ver,
25488, 40501, 26275
24148, 194399, 26168
23711, 71546, 26175
24151, 100171, 26176
24000, 54363, 26176
24306, 179891, 26170
24305, 71521, 26166
24452, 40131, 26169
24010, 85730, 26177
23703, 68617, 26177
24597, 40132, 26178
23853, 54426, 26175
24150, 88716, 26166
24156, 74475, 26174
24148, 54355, 26168
24157, 57338, 26166
23860, 40131, 26169
24305, 154431, 26176
23852, 117242, 26168
23712, 74410, 26175
24000, 40132, 26175
24149, 54394, 26169
24008, 40131, 26178
24296, 100064, 26176
24001, 171430, 26178
24001, 40131, 26174
23853, 260228, 26178
24296, 88731, 26176
23853, 117181, 26175
23850, 40131, 26172
23853, 68623, 26169
24305, 194340, 26176
24150, 148695, 26176
23998, 68684, 26177
23999, 71591, 26174
24000, 85834, 26175
23851, 208633, 26168
24157, 40131, 26178
24149, 97206, 26169
24008, 57290, 26175
24452, 123055, 26169
23859, 54411, 26177
24148, 54434, 26168
24007, 40131, 26168
24305, 68601, 26168
23711, 54387, 26176
23703, 57295, 26176
24001, 57300, 26168
23859, 54356, 26175
23854, 120178, 26177
24297, 102974, 26167
24155, 322685, 26176
24148, 40131, 26174
24000, 82844, 26174
23853, 91940, 26177
24455, 40131, 26168
24156, 128677, 26165
24005, 185621, 26176
23703, 482799, 26175
24298, 88692, 26176
24150, 54400, 26170
24453, 57340, 26168
23859, 148694, 26169
23859, 57318, 26175
24149, 114454, 26167
23859, 71564, 26175
24148, 100044, 26174
24000, 151600, 26174
23702, 40131, 26175
24000, 162842, 26169
24158, 57258, 26176
23704, 54448, 26168
24009, 100112, 26169
24008, 114405, 26176
24001, 54397, 26170
24158, 68644, 26168
24008, 162961, 26177
24001, 71621, 26177
24148, 88657, 26177
23556, 71476, 26175
24002, 40132, 26176
24002, 40133, 26177
24147, 182852, 26167
24006, 54424, 26176
24148, 182896, 26168
24008, 40132, 26170
24009, 54395, 26177
23999, 85843, 26167
23859, 40131, 26169
24156, 179920, 26169
23564, 57266, 26177
24000, 82955, 26168
24008, 40131, 26170
23863, 105854, 26173
24149, 54391, 26175
23852, 54411, 26177
24148, 208528, 26176
23852, 85808, 26175
23556, 88667, 26168
24602, 40131, 26168
24306, 168576, 26167
24305, 85833, 26179
24000, 191242, 26166
24304, 125759, 26176
24002, 57333, 26175
23852, 68709, 26175
24147, 88707, 26169
24306, 225746, 26175
24150, 151447, 26169
24452, 131529, 26167
24148, 54355, 26176
24148, 54427, 26168
24156, 68659, 26165
24154, 54349, 26177
24297, 71562, 26176
24303, 40132, 26169
23860, 40131, 26169
24306, 231524, 26167
24008, 40129, 26169
24304, 174268, 26175
24001, 85743, 26175
23851, 57277, 26169
24454, 54345, 26176
24446, 40132, 26174
24148, 54405, 26169
23858, 54380, 26174
24295, 100058, 26175
23852, 40132, 26175
24000, 40132, 26175
24001, 103001, 26168
24155, 88721, 26167
23859, 134273, 26175
23852, 85874, 26169
23861, 171572, 26174
24003, 134294, 26175
23999, 40132, 26176
24447, 191426, 26167
24008, 85753, 26173
24000, 57257, 26176
23853, 40132, 26178
24001, 40131, 26178
23704, 88735, 26177
24000, 40132, 26176
23852, 100123, 26177
23707, 88685, 26173
24003, 114287, 26177
24299, 40132, 26176
23853, 82986, 26169
23564, 85766, 26177
24149, 74438, 26170
24006, 57273, 26167
24454, 128680, 26167
24011, 120207, 26167
24158, 54396, 26177
24149, 85801, 26169
24008, 257280, 26168
24009, 457394, 26176
23852, 220142, 26176
23703, 57300, 26177
23704, 88679, 26175
24299, 85790, 26168
24157, 105873, 26177
23999, 54379, 26168
24010, 71522, 26175
24147, 88699, 26167
24156, 231585, 26176
23853, 40131, 26176
23999, 54374, 26169
23711, 105823, 26175
23555, 88707, 26173
24450, 54390, 26177
24008, 54429, 26177
24000, 40130, 26178
24148, 40132, 26176
24000, 100007, 26174
23999, 114272, 26170
24155, 54394, 26174
24002, 40133, 26175
24297, 40131, 26177
24148, 54376, 26169
24304, 148684, 26170
23710, 40132, 26167
24156, 40130, 26170
23710, 171446, 26170
23711, 202635, 26177
24150, 88706, 26176
24147, 54414, 26169
24010, 40134, 26169
24157, 71536, 26167
24156, 68682, 26168
24155, 40131, 26169
24157, 68679, 26169
24303, 114372, 26178
23703, 100160, 26177
23999, 117195, 26178
24296, 202768, 26177
24297, 105960, 26174
24147, 131597, 26176
24003, 165831, 26170
24158, 71497, 26175
23703, 54388, 26176
24002, 134260, 26176
24150, 131462, 26176
24000, 74390, 26167
24158, 180141, 26168
23564, 174291, 26175
24296, 82969, 26174
23556, 103020, 26170
24158, 103035, 26175
24446, 40130, 26175
24001, 71570, 26176
24149, 40132, 26176
23702, 180030, 26175
23704, 162791, 26168
24306, 57308, 26168
24008, 117313, 26178
23851, 57281, 26176
24003, 117234, 26167
24304, 82917, 26176
24297, 162811, 26175
23555, 54359, 26175
24000, 85880, 26168
23859, 40133, 26166
24007, 57284, 26177
24001, 71529, 26168
24155, 40130, 26168
24010, 60542, 26171
24007, 111376, 26167
23858, 114420, 26176
24148, 54372, 26168
24305, 97198, 26169
23858, 40132, 26166
23710, 85924, 26177
24150, 128580, 26176
23705, 57325, 26169
24155, 68691, 26167
24303, 100101, 26168
23860, 85785, 26176
24158, 274291, 26176
24596, 140137, 26176
23852, 71517, 26174
23703, 85720, 26167
24157, 54442, 26174
24001, 85806, 26177
24149, 40131, 26175
24149, 165837, 26168
24304, 71573, 26169
24008, 117312, 26167
23859, 85883, 26177
24149, 271519, 26175
23999, 40131, 26174
24304, 40132, 26167
23858, 71510, 26166
24304, 117215, 26176
24007, 57299, 26177
23853, 140007, 26176
23850, 122983, 26166
24305, 68662, 26167
24158, 82962, 26168
23851, 194137, 26175
24151, 165732, 26175
24150, 134432, 26176
23853, 54418, 26175
23851, 40130, 26175
24148, 68604, 26166
23712, 85804, 26176
24002, 54416, 26174
24148, 40130, 26176
24151, 85840, 26168
24304, 88668, 26167
24158, 111940, 26168
23860, 54422, 26175
24002, 131458, 26176
24003, 131565, 26167
24158, 68733, 26168
24156, 85770, 26177
24002, 57268, 26176
24297, 57323, 26170
24155, 40130, 26169
23711, 100103, 26170
24006, 54381, 26175
24298, 88647, 26177
23854, 97127, 26175
24003, 40132, 26177
23851, 197075, 26168
24157, 103032, 26176
24150, 40131, 26176
24148, 40131, 26176
24000, 71556, 26178
23852, 117243, 26176
24001, 182833, 26173
24001, 208598, 26175
24595, 40132, 26175
24148, 145750, 26177
24297, 85759, 26169
23860, 40132, 26169
24157, 131522, 26177
24001, 120209, 26178
23854, 40132, 26177
23556, 120139, 26175
23852, 74420, 26169
23711, 68656, 26175
24446, 160032, 26175
23557, 185822, 26176
23853, 151983, 26176
24297, 40131, 26176
24000, 105813, 26174
24445, 40131, 26176
24297, 91584, 26176
24148, 100099, 26177
24002, 68654, 26176
24148, 40131, 26176
23998, 85861, 26175
24149, 40131, 26175
23999, 105969, 26169
24157, 71496, 26169
24157, 68644, 26169
24453, 74451, 26176
24149, 40132, 26179
24148, 40132, 26174
23853, 228563, 26176
23852, 57247, 26177
23705, 54426, 26175
24157, 85761, 26179
24001, 40133, 26177
24447, 128415, 26177
24001, 137307, 26170
24157, 40131, 26176
23853, 128574, 26167
24155, 40132, 26167
24156, 105736, 26175
24453, 88626, 26177
24149, 40131, 26177
23853, 268499, 26176
24003, 128497, 26176
24002, 40132, 26177
24298, 71559, 26175
23861, 40130, 26167
24304, 145701, 26175
23851, 328602, 26176
24149, 142904, 26174
24148, 268598, 26174
24148, 117317, 26174
23704, 105817, 26170
23713, 71516, 26168
24011, 40132, 26169
23712, 40132, 26175
24150, 145746, 26170
24452, 40130, 26168
24154, 40131, 26167
23859, 134268, 26174
23853, 54371, 26167
24307, 40131, 26168
24453, 120145, 26170
23860, 40130, 26169
24457, 205698, 26175
23855, 168761, 26177
24150, 219921, 26175
24296, 54443, 26167
23705, 242886, 26176
24000, 54360, 26168
23565, 40131, 26167
23859, 40131, 26168
23713, 185721, 26174
24294, 217068, 26175
23851, 71534, 26177
23702, 100195, 26175
24295, 54401, 26168
24009, 71542, 26175
24301, 40131, 26177
24001, 54378, 26176
24007, 40133, 26167
24159, 71518, 26168
24305, 102890, 26176
23999, 57301, 26168
23861, 71549, 26174
23999, 88693, 26174
24002, 91626, 26177
23704, 68662, 26174
23704, 40130, 26175
23852, 100043, 26177
23854, 40133, 26174
24148, 105750, 26169
24306, 100044, 26170
24156, 251407, 26177
24296, 71497, 26175
23852, 143038, 26167
24007, 54359, 26176
24148, 85785, 26168
23859, 191373, 26167
23710, 160072, 26168
24156, 134364, 26176
24001, 57316, 26176
24002, 85819, 26167
24304, 54378, 26177
24001, 54363, 26168
24157, 71559, 26168
24304, 108795, 26169
24155, 68739, 26169
24154, 100045, 26169
24155, 57253, 26169
23860, 82949, 26169
24156, 145756, 26176
23852, 71565, 26168
24007, 85832, 26176
23704, 162879, 26170
24155, 131563, 26169
23562, 40131, 26167
24156, 40131, 26170
23562, 54408, 26173
24001, 102873, 26169
24156, 57263, 26176
24298, 74447, 26168
23851, 88754, 26167
24159, 85796, 26177
24150, 82835, 26168
24011, 102955, 26175
24296, 54388, 26167
24007, 257067, 26177
24298, 40132, 26177
24001, 85740, 26175
24000, 100052, 26176
24149, 57246, 26171
23860, 165825, 26176
23704, 117146, 26177
23854, 40132, 26177
24148, 85813, 26170
24303, 54403, 26177
24000, 123013, 26167
23711, 117062, 26177
24149, 74392, 26168
24157, 71530, 26176
24148, 40131, 26176
24298, 88651, 26175
24296, 88773, 26175
23852, 71550, 26175
24150, 57256, 26176
23998, 68631, 26169
24010, 71579, 26177
24149, 54412, 26166
24159, 40131, 26168
24007, 82888, 26176
23556, 154412, 26176
23853, 54403, 26169
24304, 91598, 26176
24297, 40131, 26179
24445, 279866, 26177
24001, 131466, 26176
24001, 40133, 26175
24149, 165879, 26174
24002, 54414, 26168
23860, 120120, 26172
24304, 71551, 26166
23860, 105797, 26176
23703, 57309, 26175
23704, 102938, 26176
23852, 114366, 26169
24000, 40131, 26176
24297, 40132, 26174
23704, 40131, 26175
24000, 88772, 26176
24597, 40131, 26178
24002, 128626, 26177
23854, 71549, 26175
23851, 40131, 26178
23850, 85807, 26168
23860, 97215, 26174
24304, 71591, 26166
23860, 74418, 26176
24444, 68723, 26175
23554, 102882, 26175
24151, 40132, 26176
23706, 40133, 26178
24008, 40132, 26169
23711, 40132, 26171
24304, 151575, 26168
24155, 54413, 26175
23853, 88696, 26176
23853, 74502, 26167
24007, 120003, 26168
24009, 40131, 26169
24451, 131434, 26175
24150, 114388, 26175
24001, 74451, 26176
23853, 88667, 26168
23862, 142737, 26174
23852, 40129, 26177
24150, 128618, 26176
24148, 57264, 26168
23712, 54358, 26178
24000, 68608, 26176
23853, 222950, 26177
24156, 74428, 26176
24001, 105851, 26167
24007, 71549, 26168
24157, 57338, 26167
24158, 40131, 26169
23859, 68689, 26167
23710, 40132, 26169
24157, 131438, 26170
24456, 74444, 26176
23705, 57249, 26177
23999, 68694, 26175
24300, 88683, 26167
24155, 165679, 26175
24000, 40131, 26176
23703, 148537, 26175
24146, 82905, 26169
23414, 40131, 26170
24304, 148750, 26170
24007, 71539, 26169
24304, 85755, 26176
24001, 54414, 26174
24000, 74439, 26174
24299, 123102, 26169
24156, 68620, 26169
24158, 71568, 26175
23999, 114201, 26176
23999, 88803, 26175
24149, 54395, 26167
23857, 71515, 26175
23851, 234378, 26177
24297, 71508, 26168
24009, 91589, 26169
24156, 40131, 26168
23704, 40131, 26177
23852, 40131, 26174
24150, 100176, 26175
23703, 40132, 26177
23853, 131505, 26176
23702, 128481, 26176
24001, 40131, 26175
24001, 148789, 26177
24147, 40130, 26174
23704, 71545, 26177
23852, 54422, 26167
23858, 68680, 26167
24306, 68663, 26169
24155, 40137, 26168
24456, 71524, 26168
23859, 120148, 26169
24007, 40131, 26175
24297, 191390, 26175
24002, 85937, 26168
24304, 137244, 26170
23858, 85810, 26176
23851, 88701, 26175
24001, 40132, 26175
24298, 100049, 26178
24002, 40131, 26176
24298, 40132, 26175
23853, 100030, 26175
24148, 40131, 26175
23851, 57270, 26175
24447, 105807, 26169
23712, 40134, 26165
24157, 100063, 26167
24304, 168645, 26168
23710, 68657, 26167
24006, 182894, 26177
24000, 40130, 26176
24445, 134433, 26168
24156, 268374, 26177
23852, 154382, 26167
24158, 54411, 26177
24001, 88659, 26174
24000, 40132, 26175
24000, 71542, 26167
23559, 68623, 26176
24298, 217017, 26175
24000, 40130, 26176
24445, 85850, 26170
24154, 71548, 26176
24001, 68646, 26177
23705, 231384, 26174
23555, 40131, 26177
23703, 120048, 26175
24148, 183118, 26174
24158, 82888, 26169
24156, 40131, 26168
23861, 177078, 26169
24155, 54361, 26175
23704, 40131, 26174
23851, 183026, 26178
24001, 40131, 26175
24157, 40131, 26166
24009, 102981, 26168
24007, 208530, 26168
24006, 54352, 26175
24000, 40133, 26176
24448, 169181, 26177
24148, 71556, 26175
23853, 105832, 26176
24297, 54362, 26168
24009, 54400, 26174
24298, 88692, 26175
23850, 114357, 26175
23852, 128608, 26173
24447, 71569, 26167
24008, 88706, 26175
23556, 54361, 26175
24297, 54378, 26176
24001, 102950, 26170
24452, 54352, 26173
23852, 54369, 26168
24007, 88730, 26169
24453, 97110, 26176
24148, 68597, 26175
24000, 40132, 26175
24149, 85740, 26177
24298, 54370, 26176
24305, 68673, 26177
24000, 54440, 26177
24149, 134278, 26176
24000, 68663, 26174
23853, 54387, 26167
24007, 40132, 26168
24303, 71553, 26176
24297, 102946, 26174
24148, 177019, 26175
24297, 71500, 26176
24000, 102981, 26167
24155, 40130, 26169
24304, 180175, 26169
23861, 91626, 26176
24448, 57252, 26171
23862, 54439, 26176
23853, 40131, 26175
23853, 57256, 26176
24150, 40131, 26176
24001, 162959, 26173
24150, 40131, 26169
24452, 99978, 26168
24303, 131495, 26167
23860, 294228, 26174
24298, 114418, 26168
23859, 68688, 26167
23710, 117232, 26176
24002, 40131, 26176
24001, 85849, 26177
23854, 85838, 26170
24008, 57244, 26177
24002, 71502, 26167
24008, 100009, 26168
23861, 40132, 26170
24157, 82939, 26176
24150, 91579, 26177
23853, 40132, 26176
23853, 71499, 26177
24457, 40131, 26169
24157, 40131, 26169
23712, 40132, 26166
24007, 85784, 26175
24148, 57282, 26176
24298, 128596, 26174
24001, 125684, 26167
23711, 71622, 26168
24008, 174287, 26175
24001, 85831, 26167
23710, 40132, 26168
24307, 40130, 26167
24150, 40131, 26174
24154, 151879, 26178
24000, 82963, 26167
24156, 228718, 26176
24299, 239969, 26177
24455, 40133, 26168
23860, 57269, 26176
24000, 160063, 26176
24002, 54353, 26169
24007, 71604, 26176
24150, 40132, 26180
23999, 40130, 26175
24001, 68650, 26176
24446, 40131, 26175
23998, 40131, 26175
23854, 40131, 26176
23999, 40130, 26175
24446, 57289, 26175
24149, 82933, 26177
24000, 102951, 26167
23860, 40131, 26170
23857, 117222, 26169
24453, 131503, 26169
24455, 105903, 26177
24149, 40140, 26167
24600, 102847, 26175
24002, 40132, 26174
24446, 71551, 26177
24296, 40131, 26174
23705, 97186, 26174
23999, 40132, 26179
23854, 191415, 26175
23851, 71550, 26176
24149, 40132, 26175
23854, 54373, 26177
24148, 71535, 26178
24000, 134451, 26169
24158, 148621, 26175
24157, 54399, 26177
24000, 179973, 26178
24001, 40132, 26176
23849, 40131, 26177
23851, 54400, 26168
24008, 157697, 26175
24445, 54387, 26170
23712, 54389, 26178
24000, 165653, 26176
24003, 40131, 26176
24146, 57328, 26166
23712, 40131, 26167
23856, 168518, 26167
24157, 57274, 26175
23854, 40131, 26175
24148, 105877, 26177
23999, 103013, 26177
23704, 85803, 26177
23703, 57256, 26169
23859, 100042, 26168
24157, 57273, 26170
23860, 228650, 26171
23852, 85885, 26175
24148, 71586, 26179
24148, 40132, 26177
23851, 54426, 26168
24452, 68605, 26169
24156, 154422, 26177
24149, 40132, 26175
24298, 54406, 26168
24155, 117247, 26168
24451, 68620, 26167
24157, 82845, 26169
23712, 40131, 26170
24008, 276991, 26168
24010, 54387, 26176
24148, 105872, 26169
23859, 40131, 26168
24304, 57299, 26168
24156, 68627, 26175
23704, 257112, 26176
23703, 68632, 26175
24001, 57264, 26168
24007, 40131, 26169
24156, 40131, 26175
24297, 71522, 26177
24150, 54413, 26168
23860, 54385, 26177
23852, 54408, 26168
23858, 54378, 26175
24148, 40130, 26177
23706, 40131, 26176
24001, 54423, 26168
23860, 40131, 26168
24009, 128596, 26176
23853, 85722, 26176
23704, 40132, 26176
24150, 40132, 26174
24150, 120031, 26178
24147, 68645, 26175
23703, 97128, 26167
24007, 151470, 26175
24297, 68743, 26177
24443, 154283, 26175
24007, 102903, 26168
24155, 71573, 26174
24445, 114320, 26170
24008, 109132, 26175
24001, 154375, 26177
24148, 54350, 26176
24000, 57259, 26175
24147, 54374, 26168
23858, 40132, 26166
23859, 40130, 26166
23859, 40130, 26168
23861, 40132, 26169
24157, 54366, 26178
23999, 40133, 26176
23853, 68654, 26177
24001, 54415, 26168
24603, 148673, 26170
23860, 57246, 26177
23853, 203001, 26169
24008, 57295, 26167
24156, 54347, 26177
23556, 71557, 26176
23997, 142922, 26174
23704, 217224, 26176
24149, 85836, 26169
24156, 74500, 26172
24150, 74422, 26169
24304, 40131, 26175
23703, 117212, 26168
23712, 40132, 26169
24157, 40132, 26169
24305, 57293, 26166
23862, 91603, 26167
24010, 71613, 26176
24150, 142892, 26177
24149, 102914, 26170
23563, 151819, 26168
23563, 102910, 26176
24002, 191388, 26177
23851, 40131, 26176
23851, 57285, 26177
23852, 40131, 26175
24299, 100125, 26177
23999, 137294, 26169
24306, 54385, 26177
24297, 102961, 26168
24157, 85786, 26176
23704, 40133, 26176
24003, 40131, 26177
23852, 162934, 26168
24158, 142935, 26176
24149, 245813, 26169
24006, 174297, 26175
24150, 74477, 26169
24156, 114275, 26175
24003, 71535, 26176
24002, 134301, 26169
24010, 162808, 26176
24002, 68658, 26174
24000, 200006, 26177
24001, 180097, 26176
24298, 225826, 26167
24156, 100075, 26168
23860, 54360, 26174
23999, 83012, 26167
23711, 71583, 26168
24304, 40132, 26167
23860, 40131, 26168
24149, 105904, 26167
23860, 40132, 26166
24010, 40132, 26167
23711, 103030, 26174
23854, 102911, 26176
24149, 331236, 26174
24001, 68590, 26177
24447, 88650, 26174
24446, 128583, 26174
23704, 40133, 26176
24149, 40132, 26176
23852, 54372, 26168
23712, 40131, 26169
23859, 40131, 26169
24156, 117300, 26168
24303, 302894, 26176
24002, 40132, 26177
24296, 114319, 26176
24003, 180050, 26177
23705, 40138, 26171
24157, 151507, 26169
24008, 57290, 26174
24007, 40131, 26167
23859, 40133, 26170
24155, 117214, 26176
23999, 225795, 26176
23553, 40131, 26177
24150, 40133, 26177
24149, 40131, 26175
24298, 71639, 26176
23853, 188787, 26175
24149, 71500, 26174
24148, 68630, 26178
24150, 71491, 26168
24007, 117253, 26174
23704, 128595, 26176
23999, 168738, 26177
24000, 68659, 26177
23705, 114274, 26174
24001, 88674, 26174
24447, 57339, 26176
24000, 40132, 26175
24149, 54439, 26168
23861, 54354, 26176
24000, 82951, 26175
23703, 54443, 26177
24148, 117268, 26168
23860, 74479, 26176
24150, 102983, 26175
24008, 105909, 26177
24297, 99987, 26177
23999, 40131, 26176
24296, 57264, 26177
23999, 85747, 26169
24008, 40130, 26171
23859, 85811, 26176
23853, 148695, 26176
24148, 165727, 26167
24007, 57256, 26168
23711, 40132, 26167
24008, 57282, 26176
24148, 40133, 26175
23704, 194378, 26169
23860, 57334, 26170
24005, 128409, 26173
24000, 54426, 26175
23704, 68640, 26169
24456, 114361, 26175
24002, 40133, 26176
24298, 54375, 26177
24296, 40131, 26174
23999, 85750, 26167
24008, 82970, 26177
23853, 40131, 26173
24150, 40131, 26177
23701, 54362, 26173
24149, 57317, 26175
23852, 40131, 26174
23554, 74441, 26166
24453, 208648, 26167
24157, 40130, 26170
23713, 54378, 26176
24295, 134437, 26169
24158, 305690, 26177
23999, 40132, 26176
24000, 54407, 26170
23860, 54406, 26175
23853, 128554, 26177
23705, 54419, 26168
24157, 120196, 26168
23711, 57245, 26175
24297, 57274, 26176
24298, 68698, 26175
24149, 308603, 26175
23850, 102902, 26175
23853, 100039, 26176
24001, 274460, 26170
24455, 40132, 26176
24004, 71479, 26174
24297, 188444, 26176
24148, 102892, 26177
23705, 85797, 26177
23851, 268516, 26168
23859, 57257, 26165
23859, 71501, 26168
23857, 91555, 26172
23851, 120162, 26176
23852, 57277, 26170
24009, 145825, 26177
24000, 71517, 26165
24009, 102955, 26167
24453, 85758, 26167
23860, 40131, 26168
24305, 40130, 26170
23564, 225692, 26177
24150, 102957, 26167
24305, 114299, 26177
24445, 54362, 26169
24008, 40133, 26170
24157, 54356, 26174
23853, 114475, 26166
24157, 117221, 26176
24295, 245935, 26175
24148, 85806, 26167
24306, 99999, 26169
23860, 120135, 26169
24153, 40131, 26167
24158, 71531, 26176
23701, 82877, 26176
23851, 148585, 26176
24001, 237178, 26176
23703, 40132, 26177
23705, 85818, 26177
24008, 57318, 26177
24298, 68642, 26175
24446, 57280, 26176
24592, 282985, 26175
23850, 182998, 26166
23858, 57299, 26176
23853, 134318, 26175
24002, 88731, 26170
23709, 40130, 26168
24156, 54387, 26176
23853, 57298, 26176
24000, 57260, 26169
23860, 40130, 26174
23851, 40133, 26174
24001, 102973, 26176
23704, 68654, 26176
24148, 40131, 26176
24149, 117127, 26175
24296, 40131, 26176
24297, 57261, 26169
23860, 40130, 26168
24158, 100091, 26176
24149, 40131, 26176
24148, 85829, 26168
24008, 231796, 26169
24157, 54350, 26176
24445, 117205, 26177
23703, 57305, 26167
24156, 57267, 26167
24157, 117182, 26177
23702, 54428, 26167
24006, 391315, 26176
23853, 57246, 26170
24304, 68697, 26166
24011, 54364, 26176
23704, 208607, 26176
