Gen, Sign, Ver,
42916, 199103, 43332
41694, 62139, 43236
41707, 245706, 43234
41706, 81372, 43243
41713, 100499, 43234
41703, 138880, 43242
41688, 85602, 43242
41704, 81371, 43237
41701, 341790, 43236
41715, 81356, 43244
41703, 81302, 43238
41713, 309565, 43244
41690, 85630, 43236
41706, 81316, 43236
41703, 128263, 43243
41706, 62134, 43242
41703, 194547, 43237
41719, 506334, 43243
41704, 62133, 43234
41707, 119651, 43244
41711, 260601, 43236
41717, 62131, 43234
41715, 62140, 43232
41701, 85647, 43235
41699, 190102, 43236
41717, 243344, 43235
41710, 132576, 43235
41721, 62132, 43243
41703, 62132, 43235
41699, 190384, 43235
41705, 190089, 43243
41697, 62133, 43236
41695, 81387, 43236
41692, 388574, 43235
41702, 147546, 43242
41713, 527523, 43244
41691, 128269, 43234
41714, 236948, 43235
41704, 147519, 43242
41701, 81262, 43237
41702, 81280, 43234
41712, 151771, 43242
41707, 85598, 43242
41707, 147473, 43236
41703, 62133, 43245
41704, 104872, 43242
41701, 222428, 43235
41701, 294871, 43235
41726, 175403, 43236
41700, 745160, 43234
41714, 209117, 43235
41708, 209368, 43236
41716, 171139, 43236
41702, 256519, 43237
41701, 100575, 43244
41705, 166811, 43244
41701, 185885, 43235
41693, 85655, 43236
41701, 109231, 43236
41718, 224245, 43238
41733, 85636, 43233
41722, 262615, 43235
41722, 62141, 43236
41703, 104815, 43237
41688, 109272, 43236
41721, 194597, 43236
41707, 128385, 43242
41708, 85619, 43243
41699, 151705, 43235
41717, 205199, 43235
41709, 62133, 43236
41704, 162363, 43237
41701, 81373, 43243
41710, 147503, 43241
41702, 247684, 43236
41707, 185851, 43238
41710, 62139, 43238
41701, 166625, 43235
41695, 81371, 43241
41709, 104815, 43241
41716, 181650, 43235
41701, 241414, 43233
41730, 450798, 43244
41707, 156047, 43242
41706, 247746, 43236
41708, 663961, 43235
41702, 132636, 43242
41688, 119687, 43237
41722, 200601, 43243
41722, 194379, 43244
41707, 232696, 43235
41710, 62131, 43236
41701, 147514, 43236
41717, 62133, 43237
41705, 209474, 43242
41702, 109155, 43234
41725, 85580, 43237
41713, 170870, 43243
41703, 194593, 43242
41711, 81270, 43236
41729, 384360, 43235
41715, 85628, 43236
41699, 175304, 43237
41712, 222509, 43235
41726, 62138, 43236
41719, 128403, 43235
41691, 104769, 43235
41694, 162383, 43236
41718, 237159, 43235
41717, 62139, 43236
41704, 100476, 43235
41703, 62132, 43237
41700, 128299, 43235
41724, 85582, 43240
41714, 62133, 43235
41725, 247695, 43242
41708, 166746, 43242
41719, 81324, 43235
41722, 62134, 43236
41689, 313906, 43235
41701, 390853, 43241
41694, 166590, 43240
41714, 104860, 43241
41697, 484735, 43243
41713, 147546, 43237
41700, 132694, 43242
41699, 237054, 43234
41700, 104820, 43235
41718, 62136, 43242
41698, 218136, 43233
41718, 151664, 43242
41714, 185984, 43243
41720, 109083, 43235
41717, 198892, 43242
41704, 62130, 43234
41718, 128319, 43245
41715, 185881, 43243
41694, 100574, 43235
41709, 62132, 43237
41711, 166705, 43235
41706, 213598, 43233
41709, 62134, 43243
41709, 81307, 43236
41726, 260695, 43237
41698, 62132, 43240
41704, 237188, 43234
41705, 260799, 43245
41693, 403647, 43235
41715, 143241, 43235
41715, 62140, 43235
41706, 85721, 43235
41718, 85634, 43235
41693, 569995, 43242
41715, 81358, 43235
41707, 143166, 43236
41706, 162291, 43235
41698, 81366, 43244
41719, 81370, 43235
41706, 429155, 43243
41701, 151831, 43234
41707, 104855, 43236
41701, 62139, 43235
41701, 85617, 43234
41706, 175369, 43235
41719, 85585, 43232
41720, 62137, 43236
41711, 100496, 43237
41719, 119758, 43237
41708, 209373, 43236
41713, 62134, 43235
41712, 104871, 43237
41705, 162372, 43235
41705, 62133, 43241
41721, 209275, 43238
41693, 62133, 43244
41703, 260684, 43234
41707, 284222, 43236
41698, 281716, 43233
41712, 128316, 43236
41712, 62137, 43234
41695, 213667, 43235
41711, 213671, 43244
41703, 85669, 43242
41714, 62133, 43242
41701, 170862, 43235
41705, 81345, 43243
41714, 81322, 43236
41714, 85671, 43236
41726, 100602, 43234
41696, 194483, 43236
41697, 222162, 43243
41682, 81289, 43233
41713, 81287, 43235
41712, 213603, 43236
41693, 100415, 43234
41716, 62132, 43237
41695, 62139, 43235
41707, 275612, 43235
41701, 81299, 43243
41711, 62132, 43234
41687, 256497, 43235
41717, 62132, 43237
41712, 151800, 43235
41710, 143319, 43243
41717, 81304, 43236
41717, 85583, 43236
41718, 166614, 43243
41698, 104773, 43242
41707, 333208, 43235
41711, 62134, 43237
41701, 62133, 43243
41702, 294724, 43242
41697, 582981, 43242
41711, 147593, 43234
41706, 384790, 43235
41714, 431320, 43242
41715, 62132, 43236
41700, 62138, 43232
41690, 156127, 43236
41692, 62131, 43242
41692, 138880, 43236
41698, 642272, 43237
41706, 222426, 43239
41698, 275398, 43243
41705, 62132, 43234
41716, 123972, 43235
41714, 62133, 43235
41705, 85579, 43234
41714, 81288, 43243
41705, 85723, 43233
41710, 175416, 43235
41704, 81265, 43242
41706, 100575, 43236
41712, 373963, 43235
41714, 318270, 43236
41704, 286157, 43234
41703, 147512, 43241
41703, 81328, 43235
41697, 109126, 43243
41701, 119637, 43236
41705, 123955, 43237
41712, 85599, 43236
41702, 209385, 43243
41685, 213636, 43242
41703, 62132, 43236
41697, 62137, 43235
41705, 81286, 43242
41708, 62132, 43236
41706, 322716, 43236
41698, 124054, 43234
41712, 156036, 43234
41709, 104739, 43235
41708, 232836, 43236
41726, 147425, 43236
41701, 341871, 43236
41691, 81356, 43242
41701, 81261, 43235
41688, 181518, 43242
41694, 119658, 43234
41698, 128409, 43241
41710, 151907, 43237
41708, 204963, 43237
41691, 81315, 43235
41703, 171008, 43242
41705, 158133, 43237
41698, 170960, 43236
41702, 119728, 43234
41709, 326832, 43234
41721, 62139, 43239
41717, 465265, 43235
41695, 100470, 43236
41709, 85577, 43242
41714, 128312, 43234
41705, 81317, 43243
41709, 85635, 43242
41705, 147604, 43236
41700, 85713, 43236
41700, 62134, 43243
41705, 213721, 43243
41707, 198838, 43234
41698, 162339, 43243
41716, 166656, 43234
41714, 104797, 43236
41700, 81315, 43236
41704, 81277, 43236
41704, 62139, 43234
41708, 100476, 43235
41716, 62131, 43237
41706, 190165, 43244
41706, 85572, 43243
41694, 162510, 43235
41708, 85606, 43243
41709, 170909, 43235
41695, 132610, 43235
41697, 171051, 43242
41704, 81313, 43235
41705, 256359, 43237
41688, 62140, 43233
41720, 198996, 43236
41728, 128401, 43243
41708, 81340, 43236
41713, 147468, 43242
41706, 85608, 43243
41695, 730527, 43235
41707, 62139, 43235
41713, 85603, 43236
41709, 128260, 43235
41727, 109170, 43236
41707, 194520, 43242
41703, 85661, 43239
41707, 237238, 43236
41710, 228637, 43234
41712, 85680, 43242
41708, 62133, 43236
41703, 128379, 43240
41706, 62132, 43234
41714, 124075, 43236
41703, 260750, 43236
41705, 356508, 43235
41708, 81302, 43241
41709, 124030, 43244
41697, 81304, 43235
41711, 81304, 43235
41697, 375561, 43237
41703, 104827, 43235
41695, 124024, 43242
41714, 166626, 43235
41704, 119741, 43235
41706, 62133, 43234
41710, 81329, 43242
41697, 104798, 43243
41714, 545036, 43243
41712, 128272, 43236
41691, 104899, 43236
41703, 171478, 43242
41695, 209367, 43234
41706, 124084, 43234
41716, 119580, 43243
41693, 452564, 43235
41706, 128269, 43243
41721, 185747, 43241
41704, 322676, 43242
41700, 190325, 43235
41727, 85692, 43237
41704, 213758, 43235
41719, 333140, 43233
41698, 104806, 43237
41703, 260586, 43235
41707, 166768, 43242
41687, 213617, 43243
41705, 203051, 43234
41712, 147498, 43243
41700, 151782, 43237
41702, 252022, 43235
41705, 81318, 43243
41715, 62133, 43236
41709, 100483, 43235
41719, 151700, 43243
41714, 123964, 43236
41704, 123944, 43235
41722, 62131, 43236
41696, 170947, 43244
41704, 128294, 43236
41703, 85681, 43234
41715, 128241, 43236
41721, 119680, 43237
41703, 147409, 43238
41701, 128398, 43242
41694, 232980, 43236
41719, 171097, 43237
41705, 166702, 43236
41688, 128202, 43233
41712, 100426, 43235
41695, 62132, 43244
41697, 132550, 43242
41698, 62132, 43235
41705, 213821, 43236
41712, 62140, 43235
41710, 124039, 43239
41717, 62132, 43236
41713, 62133, 43234
41701, 119704, 43243
41709, 123949, 43243
41695, 337366, 43241
41696, 85593, 43238
41708, 123935, 43242
41707, 81355, 43233
41719, 403494, 43236
41710, 85712, 43238
41701, 143089, 43236
41697, 175342, 43235
41702, 81294, 43235
41709, 104714, 43234
41702, 194562, 43242
41708, 228387, 43236
41703, 109193, 43241
41702, 204971, 43242
41703, 456664, 43240
41697, 62134, 43235
41719, 62132, 43236
41703, 147630, 43237
41715, 124099, 43236
41708, 166772, 43243
41702, 266831, 43243
41696, 279842, 43236
41694, 143311, 43236
41709, 162464, 43235
41716, 81336, 43234
41701, 81350, 43236
41706, 62139, 43235
41707, 62133, 43242
41710, 62132, 43237
41710, 294557, 43235
41713, 81273, 43234
41704, 299166, 43235
41708, 62132, 43235
41713, 123996, 43235
41708, 109105, 43238
41724, 128400, 43243
41703, 346067, 43235
41693, 100470, 43235
41707, 171024, 43235
41701, 241712, 43242
41712, 104716, 43240
41718, 252009, 43235
41714, 81288, 43234
41700, 62131, 43244
41696, 305250, 43240
41701, 104893, 43242
41709, 275336, 43242
41714, 151817, 43236
41701, 62131, 43236
41709, 322624, 43236
41690, 256361, 43236
41706, 62139, 43234
41701, 104856, 43235
41697, 81276, 43236
41705, 237227, 43243
41716, 81362, 43235
41717, 62131, 43234
41722, 241539, 43244
41706, 109099, 43234
41719, 190255, 43241
41700, 104865, 43242
41702, 171142, 43235
41705, 62141, 43237
41705, 132691, 43241
41713, 147529, 43236
41706, 104741, 43236
41709, 62134, 43243
41706, 185790, 43235
41695, 162312, 43241
41708, 243443, 43237
41707, 109095, 43234
41709, 81351, 43243
41714, 128305, 43237
41697, 85588, 43237
41726, 104723, 43233
41692, 81302, 43242
41720, 81370, 43237
41699, 62140, 43235
41695, 62132, 43243
41689, 593490, 43236
41708, 151792, 43236
41720, 85586, 43235
41713, 62139, 43236
41696, 275420, 43236
41725, 299330, 43236
41699, 132706, 43237
41703, 62139, 43235
41701, 81304, 43242
41698, 213687, 43236
41703, 104798, 43235
41701, 85580, 43242
41714, 81282, 43238
41710, 446284, 43237
41700, 143158, 43237
41694, 298980, 43242
41706, 100487, 43235
41715, 81343, 43242
41710, 62133, 43235
41712, 109155, 43234
41703, 100455, 43235
41717, 100440, 43236
41694, 275362, 43234
41692, 290545, 43243
41708, 307846, 43234
41698, 124105, 43241
41697, 85688, 43235
41702, 267061, 43234
41708, 109229, 43244
41703, 425202, 43240
41698, 104845, 43246
41690, 294670, 43242
41709, 62131, 43234
41699, 62139, 43235
41714, 62133, 43243
41699, 81341, 43235
41700, 213656, 43236
41703, 62141, 43236
41713, 252073, 43244
41700, 109170, 43235
41722, 314001, 43236
41703, 147435, 43235
41709, 62139, 43234
41692, 104832, 43235
41714, 62134, 43243
41700, 247645, 43234
41701, 62133, 43246
41691, 151804, 43235
41702, 104864, 43235
41710, 128325, 43244
41708, 100441, 43236
41711, 62139, 43235
41713, 147423, 43237
41706, 170987, 43243
41708, 62133, 43242
41716, 104790, 43236
41702, 198957, 43235
41709, 243479, 43244
41701, 132674, 43243
41704, 124084, 43236
41700, 104783, 43235
41711, 104844, 43236
41690, 422691, 43236
41710, 62142, 43238
41704, 62135, 43243
41719, 85606, 43242
41699, 403686, 43241
41700, 62133, 43237
41706, 100535, 43235
41707, 85673, 43234
41688, 143250, 43241
41709, 81337, 43235
41713, 62133, 43238
41700, 85645, 43236
41728, 307489, 43237
41712, 128388, 43236
41716, 290397, 43234
41711, 62134, 43235
41716, 62133, 43242
41706, 147561, 43234
41681, 62131, 43241
41706, 166638, 43235
41698, 475908, 43234
41697, 85584, 43235
41706, 209428, 43243
41687, 151831, 43235
41715, 81360, 43235
41714, 81284, 43244
41704, 322604, 43236
41716, 166703, 43243
41692, 62132, 43235
41720, 442216, 43237
41719, 128277, 43236
41688, 85622, 43235
41707, 209214, 43242
41721, 62134, 43243
41710, 104822, 43241
41699, 104831, 43235
41707, 484569, 43237
41717, 62132, 43235
41710, 256495, 43236
41711, 85630, 43236
41724, 356753, 43242
41716, 85640, 43243
41723, 62133, 43236
41716, 104802, 43235
41711, 256186, 43243
41710, 62131, 43235
41706, 109059, 43241
41698, 62132, 43236
41710, 100459, 43235
41703, 62132, 43243
41720, 124007, 43243
41697, 593330, 43234
41720, 62130, 43234
41707, 209332, 43242
41711, 62132, 43234
41698, 166584, 43236
41723, 190076, 43235
41690, 62133, 43241
41705, 104774, 43242
41706, 81352, 43235
41696, 62140, 43235
41723, 62134, 43243
41722, 62132, 43237
41709, 62133, 43237
41700, 62140, 43236
41696, 237234, 43237
41713, 143094, 43234
41696, 100593, 43242
41716, 228656, 43234
41701, 62132, 43244
41709, 151937, 43235
41709, 62132, 43236
41701, 132605, 43243
41718, 104832, 43242
41700, 104833, 43242
41693, 341668, 43235
41710, 232869, 43235
41713, 104854, 43237
41705, 81310, 43235
41712, 109098, 43237
41711, 62133, 43238
41702, 124031, 43234
41705, 209172, 43238
41712, 62135, 43236
41706, 85639, 43236
41696, 81307, 43243
41699, 109041, 43234
41729, 81291, 43235
41701, 85581, 43235
41710, 166633, 43234
41718, 85595, 43236
41709, 85678, 43235
41702, 62140, 43237
41723, 128314, 43237
41702, 256351, 43233
41711, 62131, 43235
41717, 62143, 43237
41692, 185954, 43236
41711, 100545, 43243
41709, 100469, 43234
41703, 292951, 43237
41701, 128477, 43237
41704, 85605, 43235
41704, 162323, 43236
41704, 151815, 43242
41710, 132645, 43243
41696, 303190, 43238
41717, 171141, 43235
41725, 190229, 43240
41706, 85596, 43244
41702, 243585, 43236
41707, 128320, 43242
41711, 275652, 43236
41716, 62133, 43242
41705, 62132, 43237
41696, 147445, 43243
41691, 119684, 43235
41703, 62133, 43244
41703, 81290, 43234
41708, 143287, 43238
41722, 170973, 43235
41712, 294924, 43235
41713, 85592, 43234
41713, 81358, 43244
41695, 156361, 43241
41711, 198732, 43233
41708, 314013, 43234
41724, 147406, 43236
41699, 85644, 43237
41720, 62131, 43234
41705, 166755, 43236
41724, 128202, 43243
41721, 85576, 43242
41705, 128226, 43234
41705, 711075, 43245
41696, 62133, 43236
41713, 305154, 43236
41711, 166660, 43235
41722, 62132, 43236
41711, 266988, 43235
41709, 128240, 43240
41707, 256256, 43238
41698, 124026, 43241
41711, 298856, 43234
41707, 62142, 43237
41705, 62134, 43242
41719, 62133, 43236
41705, 104728, 43235
41706, 81267, 43236
41710, 104856, 43236
41691, 213663, 43234
41709, 85640, 43235
41697, 132576, 43243
41686, 62133, 43235
41708, 674810, 43234
41721, 170973, 43235
41679, 62134, 43242
41706, 104927, 43243
41716, 62134, 43236
41727, 81290, 43235
41702, 175337, 43236
41704, 62140, 43235
41692, 109206, 43237
41701, 104890, 43235
41703, 128249, 43245
41706, 198779, 43235
41706, 62131, 43243
41699, 143294, 43244
41712, 147379, 43241
41707, 62133, 43241
41718, 81268, 43235
41710, 418422, 43236
41713, 85678, 43243
41712, 399050, 43235
41722, 147536, 43236
41698, 143161, 43236
41714, 124027, 43235
41703, 104804, 43236
41704, 271270, 43243
41697, 147491, 43235
41706, 166683, 43235
41693, 62132, 43244
41698, 393019, 43243
41693, 81354, 43236
41709, 85637, 43236
41696, 100467, 43235
41705, 232714, 43242
41709, 100449, 43236
41707, 81271, 43243
41694, 147448, 43235
41697, 190213, 43244
41692, 104738, 43242
41700, 62135, 43237
41717, 170917, 43238
41714, 81284, 43242
41701, 179704, 43234
41691, 147446, 43236
41699, 104857, 43236
41712, 62140, 43238
41704, 62133, 43243
41708, 81290, 43236
41715, 62132, 43237
41720, 62133, 43240
41706, 151818, 43237
41706, 213555, 43235
41713, 104888, 43236
41700, 264853, 43235
41707, 147474, 43245
41708, 502687, 43235
41709, 222383, 43235
41707, 85705, 43234
41719, 175247, 43236
41699, 119604, 43244
41710, 100564, 43236
41696, 119693, 43243
41715, 62133, 43236
41705, 194472, 43236
41706, 81379, 43234
41690, 128334, 43236
41714, 132648, 43236
41705, 228605, 43241
41709, 294777, 43241
41723, 360925, 43236
41706, 104916, 43236
41718, 151631, 43243
41712, 162425, 43242
41695, 109050, 43235
41718, 170902, 43242
41712, 81359, 43235
41719, 104854, 43234
41703, 241586, 43236
41702, 85682, 43234
41704, 81346, 43244
41706, 171127, 43236
41703, 100417, 43242
41700, 100483, 43234
41715, 307541, 43243
41710, 62132, 43237
41719, 156211, 43237
41700, 85595, 43235
41706, 85639, 43243
41709, 345867, 43243
41712, 62132, 43234
41720, 190276, 43235
41716, 81275, 43242
41709, 85583, 43243
41715, 123989, 43244
41706, 62132, 43235
41700, 147450, 43236
41701, 170984, 43236
41704, 81266, 43242
41709, 81309, 43234
41710, 100441, 43235
41700, 166625, 43235
41705, 85641, 43235
41722, 104732, 43235
41710, 104807, 43235
41705, 85638, 43236
41715, 147484, 43238
41712, 85650, 43242
41694, 156135, 43241
41698, 232927, 43236
41709, 151797, 43236
41692, 213818, 43236
41711, 62132, 43242
41701, 62133, 43235
41700, 209390, 43236
41698, 62132, 43245
41706, 81290, 43236
41703, 104788, 43235
41700, 190231, 43242
41708, 62131, 43241
41698, 185873, 43243
41694, 151748, 43234
41705, 109147, 43242
41708, 158164, 43235
41710, 371719, 43243
41718, 62133, 43235
41705, 237188, 43242
41708, 81269, 43237
41691, 85659, 43236
41702, 147513, 43244
41696, 151776, 43236
41717, 81296, 43235
41706, 62133, 43242
41717, 81322, 43236
41720, 81372, 43237
41701, 687786, 43237
41720, 85602, 43235
41710, 209262, 43242
41714, 85723, 43234
41702, 85593, 43234
41712, 147456, 43233
41703, 109194, 43243
41731, 85603, 43242
41709, 309642, 43236
41715, 275390, 43235
41716, 516857, 43234
41707, 81274, 43236
41700, 81279, 43241
41710, 350544, 43237
41710, 156104, 43236
41712, 369727, 43241
41707, 143292, 43244
41719, 81265, 43235
41708, 85648, 43236
41701, 62132, 43234
41712, 62133, 43246
41702, 62132, 43240
41711, 218041, 43238
41700, 104891, 43235
41707, 109158, 43233
41720, 162426, 43235
41724, 128338, 43235
41704, 85706, 43237
41694, 62133, 43235
41702, 151914, 43235
41724, 124015, 43244
41696, 62135, 43235
41713, 104791, 43235
41710, 62131, 43234
41712, 104744, 43236
41697, 151812, 43237
41718, 62133, 43243
41721, 198687, 43235
41717, 217982, 43235
41714, 62140, 43237
41718, 85668, 43234
41711, 132574, 43234
41699, 256462, 43234
41709, 147399, 43237
41705, 337436, 43237
41698, 322515, 43234
41706, 181604, 43235
41701, 170832, 43241
41710, 194415, 43236
41702, 251939, 43235
41699, 237230, 43236
41707, 162341, 43236
41708, 260631, 43243
41715, 85685, 43241
41707, 81306, 43236
41707, 109238, 43235
41708, 81275, 43237
41702, 143130, 43236
41707, 256246, 43236
41718, 128227, 43242
41707, 166622, 43235
41712, 85704, 43234
41705, 85593, 43235
41707, 104845, 43236
41705, 62132, 43243
41695, 100414, 43237
41724, 128362, 43242
41712, 85713, 43242
41707, 62132, 43234
41727, 484572, 43233
41715, 62133, 43236
41693, 232754, 43234
41699, 147476, 43237
41694, 190164, 43242
41708, 256431, 43236
41707, 62133, 43243
41728, 132558, 43237
41711, 62134, 43235
41708, 62132, 43236
41701, 213581, 43243
41708, 194383, 43244
41717, 81293, 43237
41695, 81342, 43234
41721, 194438, 43236
41718, 109089, 43234
41706, 62139, 43234
41699, 62134, 43242
41709, 104778, 43241
41703, 209398, 43235
41699, 100446, 43243
41708, 104746, 43242
41699, 185912, 43241
41698, 62133, 43244
41705, 262817, 43234
41707, 100502, 43233
41706, 85670, 43237
41724, 185685, 43234
41701, 62134, 43242
41706, 119684, 43236
41697, 62139, 43235
41703, 170899, 43242
41706, 303433, 43235
41707, 237115, 43244
41712, 299051, 43236
41697, 62133, 43244
41696, 124026, 43243
41711, 151808, 43236
41726, 62133, 43234
41721, 81333, 43243
41717, 104820, 43241
41709, 465569, 43242
41701, 309575, 43236
41698, 271301, 43236
41715, 104948, 43236
41707, 124002, 43242
41706, 104771, 43241
41700, 179483, 43234
41697, 62140, 43234
41704, 418724, 43235
41720, 228529, 43241
41719, 171118, 43236
41715, 546642, 43236
41717, 109098, 43233
41706, 100458, 43237
41708, 318363, 43243
41719, 62134, 43244
41701, 279642, 43235
41717, 190317, 43243
41706, 247871, 43234
41706, 123898, 43242
41706, 170907, 43236
41734, 190184, 43236
41707, 420882, 43235
41720, 128367, 43239
41708, 279793, 43235
41710, 62140, 43234
41715, 166765, 43237
41725, 143191, 43236
41694, 143158, 43235
41698, 104858, 43234
41722, 128261, 43235
41697, 228441, 43243
41713, 190055, 43236
41710, 309628, 43243
41702, 209434, 43235
41721, 260691, 43244
41709, 62133, 43237
41707, 85647, 43234
41714, 266721, 43242
41708, 81275, 43237
41707, 143135, 43235
41704, 81269, 43245
41706, 128286, 43235
41707, 194441, 43234
41694, 256601, 43235
41708, 100428, 43241
41713, 147516, 43235
41716, 109292, 43237
41709, 123994, 43237
41704, 109083, 43242
41712, 247803, 43235
41705, 284226, 43236
41709, 190171, 43236
41710, 100497, 43235
41703, 104813, 43236
41697, 109186, 43236
41710, 151847, 43235
41711, 194364, 43236
41715, 81308, 43242
41701, 109094, 43237
41713, 62133, 43242
41696, 104728, 43243
41711, 247815, 43234
41696, 62131, 43241
41700, 81270, 43235
41693, 128405, 43243
41703, 251850, 43237
41728, 85600, 43243
41708, 109171, 43234
41700, 62133, 43242
41710, 123993, 43245
41701, 81285, 43236
41703, 123994, 43234
41721, 123927, 43235
41706, 62131, 43243
41696, 62133, 43237
41692, 100575, 43233
41711, 62133, 43243
41703, 62134, 43234
