
Gen, Enc, Dec
566947, 1137899, 1715740
565503, 1137631, 1715585
565513, 1137683, 1715580
565475, 1137680, 1715554
565422, 1137653, 1715582
565490, 1137651, 1715579
565458, 1137636, 1715565
565413, 1137674, 1715587
565506, 1137662, 1715578
565483, 1137667, 1715571
565423, 1137667, 1715587
565443, 1137638, 1715624
565443, 1137685, 1715562
565492, 1137655, 1715578
565472, 1137674, 1715543
565432, 1137663, 1715560
565422, 1137672, 1715636
565469, 1137617, 1715599
565438, 1137672, 1715582
565433, 1137652, 1715607
565458, 1137659, 1715598
565490, 1137656, 1715570
565442, 1137671, 1715598
565421, 1137652, 1715644
565432, 1137681, 1715566
565431, 1137637, 1715601
565436, 1137664, 1715544
565441, 1137665, 1715583
565427, 1137658, 1715584
565418, 1137680, 1715606
565413, 1137670, 1715562
565426, 1137656, 1715591
565432, 1137644, 1715624
565434, 1137691, 1715625
565451, 1137675, 1715570
565466, 1137676, 1715603
565442, 1137661, 1715576
565530, 1137663, 1715579
565450, 1137642, 1715561
565429, 1137661, 1715564
565420, 1137677, 1715533
565399, 1137661, 1715608
565422, 1137629, 1715567
565408, 1137661, 1715519
565421, 1137637, 1715601
565413, 1137646, 1715599
565409, 1137667, 1715607
565416, 1137659, 1715634
565442, 1137638, 1715579
565488, 1137664, 1715605
565436, 1137671, 1715585
565517, 1137660, 1715555
565489, 1137673, 1715596
565439, 1137631, 1715582
565447, 1137663, 1715607
565493, 1137671, 1715594
565430, 1137684, 1715594
565446, 1137650, 1715586
565450, 1137660, 1715596
565393, 1137668, 1715582
565418, 1137627, 1715601
565444, 1137675, 1715557
565420, 1137646, 1715585
565439, 1137671, 1715582
565490, 1137637, 1715587
565436, 1137662, 1715592
565437, 1137684, 1715563
565421, 1137654, 1715570
565439, 1137647, 1715612
565434, 1137645, 1715542
565435, 1137648, 1715585
565430, 1137660, 1715593
565401, 1137658, 1715619
565411, 1137668, 1715566
565441, 1137653, 1715578
565426, 1137673, 1715599
565445, 1137669, 1715591
565510, 1137662, 1715566
565414, 1137666, 1715567
565430, 1137669, 1715604
565418, 1137680, 1715575
565488, 1137666, 1715604
565445, 1137645, 1715608
565430, 1137673, 1715593
565456, 1137645, 1715582
565430, 1137653, 1715592
565443, 1137658, 1715576
565507, 1137636, 1715581
565454, 1137670, 1715590
565409, 1137650, 1715584
565489, 1137592, 1715559
565444, 1137646, 1715627
565449, 1137655, 1715539
565442, 1137673, 1715531
565432, 1137645, 1715555
565521, 1137629, 1715597
565419, 1137659, 1715555
565415, 1137664, 1715592
565516, 1137665, 1715589
565415, 1137667, 1715585
565423, 1137643, 1715604
565495, 1137625, 1715588
565439, 1137658, 1715570
565422, 1137662, 1715599
565444, 1137655, 1715587
565474, 1137673, 1715551
565448, 1137667, 1715577
565427, 1137666, 1715576
565447, 1137688, 1715632
565476, 1137659, 1715599
565512, 1137660, 1715562
565409, 1137652, 1715596
565413, 1137664, 1715586
565464, 1137648, 1715637
565427, 1137667, 1715608
565427, 1137696, 1715621
565434, 1137669, 1715584
565406, 1137639, 1715581
565442, 1137645, 1715549
565424, 1137641, 1715615
565495, 1137635, 1715567
565435, 1137657, 1715580
565413, 1137675, 1715597
565412, 1137634, 1715576
565419, 1137620, 1715583
565480, 1137671, 1715595
565516, 1137668, 1715561
565409, 1137672, 1715565
565431, 1137655, 1715588
565434, 1137654, 1715535
565413, 1137619, 1715560
565446, 1137664, 1715597
565421, 1137666, 1715610
565429, 1137627, 1715545
565435, 1137658, 1715614
565436, 1137641, 1715576
565490, 1137649, 1715552
565424, 1137639, 1715574
565415, 1137659, 1715597
565419, 1137661, 1715581
565410, 1137655, 1715565
565409, 1137642, 1715551
565445, 1137665, 1715573
565442, 1137645, 1715629
565419, 1137667, 1715569
565428, 1137667, 1715548
565424, 1137653, 1715599
565501, 1137646, 1715590
565496, 1137679, 1715622
565440, 1137666, 1715605
565425, 1137687, 1715614
565432, 1137643, 1715596
565426, 1137646, 1715617
565517, 1137612, 1715599
565457, 1137658, 1715601
565423, 1137670, 1715575
565510, 1137653, 1715590
565498, 1137670, 1715586
565426, 1137662, 1715577
565486, 1137642, 1715571
565421, 1137653, 1715610
565508, 1137647, 1715611
565503, 1137627, 1715575
565430, 1137648, 1715589
565454, 1137665, 1715517
565451, 1137686, 1715636
565418, 1137676, 1715623
565439, 1137682, 1715577
565498, 1137678, 1715573
565411, 1137675, 1715546
565435, 1137673, 1715530
565444, 1137652, 1715599
565428, 1137664, 1715589
565448, 1137673, 1715578
565435, 1137666, 1715538
565420, 1137637, 1715590
565437, 1137638, 1715582
565448, 1137688, 1715629
565485, 1137644, 1715606
565459, 1137654, 1715581
565431, 1137656, 1715587
565466, 1137651, 1715636
565507, 1137653, 1715584
565450, 1137665, 1715584
565423, 1137666, 1715555
565412, 1137667, 1715596
565473, 1137678, 1715602
565436, 1137639, 1715561
565418, 1137650, 1715567
565447, 1137667, 1715587
565446, 1137644, 1715540
565425, 1137646, 1715614
565498, 1137681, 1715564
565425, 1137676, 1715600
565515, 1137645, 1715570
565473, 1137668, 1715557
565442, 1137662, 1715595
565435, 1137690, 1715591
565471, 1137666, 1715575
565440, 1137652, 1715602
565442, 1137638, 1715605
565482, 1137677, 1715598
565459, 1137661, 1715573
565440, 1137649, 1715571
565476, 1137646, 1715582
565435, 1137679, 1715593
565499, 1137667, 1715567
565512, 1137656, 1715580
565418, 1137692, 1715622
565437, 1137667, 1715600
565432, 1137647, 1715582
565435, 1137659, 1715601
565507, 1137631, 1715596
565403, 1137679, 1715535
565424, 1137651, 1715594
565462, 1137675, 1715564
565447, 1137664, 1715542
565489, 1137634, 1715567
565424, 1137666, 1715632
565427, 1137651, 1715560
565427, 1137654, 1715604
565424, 1137653, 1715580
565414, 1137669, 1715594
565448, 1137679, 1715571
565421, 1137668, 1715581
565418, 1137645, 1715561
565443, 1137662, 1715579
565463, 1137662, 1715603
565417, 1137647, 1715559
565506, 1137658, 1715550
565457, 1137658, 1715582
565432, 1137621, 1715639
565412, 1137656, 1715582
565449, 1137645, 1715566
565421, 1137646, 1715583
565411, 1137673, 1715582
565476, 1137647, 1715613
565418, 1137659, 1715624
565432, 1137657, 1715606
565429, 1137668, 1715566
565434, 1137649, 1715591
565426, 1137657, 1715576
565424, 1137641, 1715556
565490, 1137612, 1715609
565435, 1137651, 1715586
565408, 1137667, 1715593
565423, 1137666, 1715574
565432, 1137645, 1715560
565443, 1137619, 1715568
565525, 1137653, 1715573
565436, 1137678, 1715577
565428, 1137655, 1715621
565426, 1137643, 1715566
565416, 1137662, 1715638
565441, 1137677, 1715587
565434, 1137672, 1715578
565419, 1137661, 1715629
565424, 1137649, 1715560
565448, 1137645, 1715598
565524, 1137630, 1715606
565422, 1137675, 1715565
565429, 1137665, 1715595
565446, 1137658, 1715564
565423, 1137662, 1715619
565525, 1137648, 1715630
565431, 1137639, 1715574
565409, 1137669, 1715578
565470, 1137648, 1715582
565402, 1137647, 1715584
565487, 1137631, 1715598
565441, 1137657, 1715578
565497, 1137643, 1715574
565420, 1137679, 1715592
565427, 1137661, 1715581
565502, 1137651, 1715603
565431, 1137661, 1715540
565461, 1137653, 1715583
565413, 1137652, 1715548
565433, 1137658, 1715604
565440, 1137667, 1715597
565459, 1137658, 1715573
565434, 1137652, 1715626
565449, 1137673, 1715614
565468, 1137680, 1715613
565478, 1137605, 1715594
565460, 1137623, 1715578
565523, 1137659, 1715573
565418, 1137668, 1715554
565422, 1137645, 1715584
565466, 1137656, 1715572
565477, 1137629, 1715572
565434, 1137662, 1715569
565434, 1137660, 1715570
565414, 1137661, 1715564
565437, 1137643, 1715591
565441, 1137665, 1715610
565520, 1137626, 1715583
565436, 1137666, 1715589
565461, 1137616, 1715539
565428, 1137689, 1715609
565497, 1137690, 1715567
565424, 1137662, 1715589
565458, 1137681, 1715634
565459, 1137667, 1715592
565419, 1137671, 1715599
565429, 1137665, 1715592
565425, 1137686, 1715595
565455, 1137683, 1715613
565414, 1137669, 1715596
565439, 1137656, 1715563
565417, 1137640, 1715579
565422, 1137611, 1715569
565437, 1137649, 1715611
565424, 1137640, 1715571
565423, 1137608, 1715584
565415, 1137637, 1715624
565484, 1137667, 1715604
565458, 1137645, 1715617
565424, 1137601, 1715596
565429, 1137677, 1715582
565427, 1137661, 1715558
565450, 1137660, 1715586
565427, 1137661, 1715625
565409, 1137658, 1715585
565487, 1137597, 1715586
565413, 1137634, 1715584
565438, 1137653, 1715601
565439, 1137657, 1715603
565452, 1137639, 1715561
565433, 1137660, 1715584
565479, 1137640, 1715550
565444, 1137671, 1715615
565436, 1137648, 1715614
565460, 1137669, 1715638
565445, 1137655, 1715585
565497, 1137641, 1715536
565436, 1137643, 1715605
565405, 1137658, 1715556
565435, 1137652, 1715586
565449, 1137630, 1715559
565412, 1137651, 1715585
565503, 1137652, 1715580
565435, 1137673, 1715563
565515, 1137681, 1715592
565437, 1137661, 1715588
565468, 1137640, 1715622
565485, 1137653, 1715598
565416, 1137658, 1715546
565481, 1137663, 1715596
565428, 1137667, 1715552
565436, 1137649, 1715568
565422, 1137688, 1715500
565439, 1137660, 1715547
565451, 1137661, 1715575
565496, 1137644, 1715598
565434, 1137645, 1715574
565432, 1137664, 1715592
565427, 1137654, 1715607
565440, 1137659, 1715640
565520, 1137658, 1715539
565415, 1137655, 1715571
565420, 1137650, 1715582
565423, 1137635, 1715594
565445, 1137650, 1715559
565536, 1137664, 1715514
565499, 1137653, 1715532
565438, 1137651, 1715576
565469, 1137653, 1715609
565458, 1137670, 1715612
565408, 1137660, 1715523
565408, 1137673, 1715609
565449, 1137654, 1715584
565420, 1137672, 1715605
565416, 1137647, 1715556
565477, 1137661, 1715588
565457, 1137654, 1715541
565407, 1137653, 1715583
565457, 1137670, 1715588
565414, 1137648, 1715588
565501, 1137662, 1715545
565410, 1137652, 1715585
565473, 1137627, 1715573
565448, 1137669, 1715563
565443, 1137635, 1715590
565405, 1137655, 1715575
565437, 1137668, 1715596
565437, 1137661, 1715591
565456, 1137668, 1715607
565428, 1137664, 1715586
565410, 1137688, 1715573
565423, 1137648, 1715571
565484, 1137672, 1715568
565500, 1137663, 1715575
565428, 1137640, 1715619
565437, 1137657, 1715579
565504, 1137658, 1715626
565445, 1137672, 1715561
565435, 1137659, 1715614
565426, 1137657, 1715626
565429, 1137665, 1715577
565439, 1137667, 1715578
565413, 1137680, 1715601
565416, 1137663, 1715603
565450, 1137675, 1715566
565440, 1137663, 1715600
565457, 1137653, 1715570
565457, 1137621, 1715562
565415, 1137670, 1715545
565523, 1137648, 1715613
565446, 1137662, 1715607
565417, 1137642, 1715633
565530, 1137681, 1715590
565403, 1137644, 1715622
565435, 1137654, 1715555
565451, 1137667, 1715586
565489, 1137651, 1715594
565417, 1137656, 1715595
565413, 1137655, 1715595
565438, 1137664, 1715600
565414, 1137644, 1715550
565508, 1137647, 1715582
565486, 1137639, 1715610
565411, 1137660, 1715585
565434, 1137660, 1715610
565460, 1137629, 1715571
565422, 1137677, 1715629
565436, 1137628, 1715592
565441, 1137620, 1715575
565485, 1137633, 1715559
565480, 1137668, 1715600
565486, 1137672, 1715610
565442, 1137644, 1715556
565445, 1137678, 1715577
565422, 1137661, 1715581
565414, 1137643, 1715617
565441, 1137642, 1715591
565431, 1137658, 1715557
565411, 1137665, 1715578
565438, 1137661, 1715575
565463, 1137633, 1715635
565445, 1137664, 1715563
565421, 1137651, 1715615
565447, 1137674, 1715573
565425, 1137644, 1715602
565495, 1137672, 1715574
565420, 1137656, 1715554
565406, 1137669, 1715567
565426, 1137668, 1715616
565449, 1137655, 1715593
565416, 1137650, 1715563
565422, 1137634, 1715615
565432, 1137682, 1715601
565488, 1137638, 1715547
565414, 1137648, 1715630
565448, 1137670, 1715590
565460, 1137661, 1715604
565422, 1137666, 1715564
565435, 1137664, 1715593
565454, 1137634, 1715558
565431, 1137657, 1715575
565468, 1137653, 1715558
565452, 1137679, 1715577
565421, 1137663, 1715636
565437, 1137658, 1715578
565417, 1137678, 1715536
565423, 1137653, 1715613
565434, 1137665, 1715580
565412, 1137652, 1715611
565417, 1137684, 1715627
565424, 1137668, 1715561
565479, 1137651, 1715563
565421, 1137657, 1715615
565502, 1137663, 1715619
565448, 1137610, 1715599
565417, 1137682, 1715596
565444, 1137682, 1715603
565461, 1137654, 1715566
565434, 1137648, 1715614
565440, 1137653, 1715553
565481, 1137658, 1715608
565442, 1137681, 1715600
565415, 1137644, 1715619
565511, 1137664, 1715582
565420, 1137657, 1715600
565420, 1137671, 1715597
565497, 1137659, 1715599
565477, 1137655, 1715595
565483, 1137635, 1715616
565420, 1137657, 1715551
565398, 1137688, 1715536
565435, 1137621, 1715563
565502, 1137665, 1715587
565422, 1137668, 1715619
565415, 1137652, 1715566
565434, 1137649, 1715620
565431, 1137681, 1715592
565426, 1137658, 1715563
565443, 1137647, 1715590
565414, 1137665, 1715580
565444, 1137667, 1715601
565460, 1137645, 1715593
565427, 1137637, 1715618
565430, 1137656, 1715610
565435, 1137663, 1715584
565431, 1137658, 1715609
565414, 1137679, 1715580
565441, 1137669, 1715591
565439, 1137651, 1715596
565420, 1137653, 1715566
565414, 1137660, 1715584
565429, 1137668, 1715587
565426, 1137661, 1715565
565418, 1137659, 1715543
565399, 1137648, 1715635
565487, 1137650, 1715590
565434, 1137660, 1715621
565420, 1137664, 1715552
565462, 1137673, 1715620
565432, 1137671, 1715556
565414, 1137638, 1715584
565467, 1137654, 1715557
565427, 1137673, 1715560
565433, 1137656, 1715601
565427, 1137641, 1715578
565416, 1137650, 1715596
565421, 1137652, 1715594
565441, 1137657, 1715564
565433, 1137676, 1715598
565421, 1137651, 1715554
565482, 1137655, 1715596
565425, 1137656, 1715599
565498, 1137648, 1715610
565432, 1137694, 1715575
565428, 1137669, 1715577
565409, 1137697, 1715564
565428, 1137639, 1715553
565416, 1137657, 1715619
565490, 1137665, 1715548
565430, 1137675, 1715587
565465, 1137661, 1715596
565426, 1137640, 1715572
565483, 1137661, 1715608
565400, 1137616, 1715614
565468, 1137653, 1715621
565434, 1137647, 1715576
565436, 1137641, 1715607
565436, 1137675, 1715533
565490, 1137678, 1715582
565453, 1137652, 1715581
565527, 1137657, 1715542
565441, 1137678, 1715586
565525, 1137654, 1715582
565513, 1137636, 1715578
565431, 1137674, 1715610
565437, 1137649, 1715587
565463, 1137639, 1715622
565426, 1137670, 1715599
565474, 1137674, 1715589
565493, 1137647, 1715583
565419, 1137656, 1715631
565532, 1137649, 1715668
565436, 1137618, 1715594
565419, 1137644, 1715578
565422, 1137669, 1715599
565486, 1137643, 1715584
565434, 1137660, 1715558
565416, 1137668, 1715563
565446, 1137685, 1715593
565439, 1137651, 1715586
565433, 1137664, 1715587
565468, 1137655, 1715600
565442, 1137654, 1715573
565467, 1137665, 1715591
565469, 1137680, 1715601
565428, 1137651, 1715552
565443, 1137680, 1715591
565460, 1137654, 1715596
565423, 1137642, 1715624
565435, 1137667, 1715624
565488, 1137667, 1715593
565516, 1137658, 1715592
565451, 1137664, 1715577
565497, 1137660, 1715600
565454, 1137707, 1715596
565455, 1137640, 1715609
565426, 1137685, 1715571
565427, 1137671, 1715599
565516, 1137645, 1715576
565424, 1137646, 1715645
565465, 1137664, 1715609
565434, 1137675, 1715632
565525, 1137665, 1715576
565413, 1137659, 1715603
565502, 1137649, 1715580
565436, 1137679, 1715577
565466, 1137683, 1715563
565435, 1137689, 1715612
565418, 1137645, 1715542
565425, 1137646, 1715608
565443, 1137646, 1715575
565441, 1137632, 1715603
565500, 1137673, 1715585
565533, 1137674, 1715610
565420, 1137666, 1715556
565432, 1137672, 1715586
565448, 1137663, 1715589
565419, 1137659, 1715604
565415, 1137670, 1715575
565464, 1137673, 1715625
565434, 1137647, 1715593
565453, 1137630, 1715528
565441, 1137652, 1715605
565502, 1137662, 1715586
565501, 1137660, 1715611
565445, 1137668, 1715620
565449, 1137667, 1715609
565430, 1137652, 1715624
565455, 1137663, 1715566
565431, 1137662, 1715552
565396, 1137666, 1715565
565540, 1137663, 1715583
565412, 1137654, 1715589
565438, 1137671, 1715605
565474, 1137661, 1715580
565436, 1137663, 1715558
565453, 1137660, 1715583
565420, 1137649, 1715566
565494, 1137659, 1715584
565424, 1137658, 1715574
565506, 1137662, 1715564
565499, 1137660, 1715571
565446, 1137680, 1715607
565452, 1137663, 1715576
565508, 1137649, 1715616
565440, 1137665, 1715552
565413, 1137657, 1715560
565442, 1137629, 1715573
565409, 1137628, 1715608
565438, 1137655, 1715580
565429, 1137668, 1715592
565443, 1137648, 1715569
565531, 1137629, 1715579
565455, 1137667, 1715618
565447, 1137690, 1715611
565407, 1137672, 1715590
565451, 1137665, 1715542
565451, 1137646, 1715605
565502, 1137634, 1715593
565449, 1137668, 1715564
565446, 1137646, 1715544
565438, 1137702, 1715568
565423, 1137663, 1715597
565447, 1137661, 1715591
565453, 1137663, 1715617
565478, 1137653, 1715550
565423, 1137655, 1715604
565455, 1137682, 1715616
565446, 1137653, 1715580
565496, 1137684, 1715559
565430, 1137653, 1715591
565448, 1137601, 1715608
565425, 1137640, 1715583
565418, 1137644, 1715575
565474, 1137653, 1715601
565474, 1137672, 1715570
565406, 1137655, 1715640
565443, 1137656, 1715574
565416, 1137648, 1715610
565465, 1137645, 1715588
565439, 1137667, 1715601
565453, 1137654, 1715579
565432, 1137690, 1715571
565420, 1137667, 1715588
565429, 1137645, 1715611
565425, 1137655, 1715531
565454, 1137672, 1715590
565515, 1137677, 1715613
565447, 1137679, 1715537
565433, 1137644, 1715616
565433, 1137660, 1715555
565418, 1137646, 1715600
565454, 1137657, 1715560
565437, 1137663, 1715569
565428, 1137670, 1715576
565414, 1137659, 1715583
565447, 1137668, 1715572
565510, 1137680, 1715537
565451, 1137632, 1715595
565423, 1137666, 1715611
565434, 1137658, 1715584
565426, 1137666, 1715592
565529, 1137674, 1715558
565410, 1137669, 1715579
565439, 1137663, 1715589
565442, 1137645, 1715596
565442, 1137670, 1715536
565424, 1137644, 1715594
565425, 1137649, 1715600
565446, 1137676, 1715581
565428, 1137649, 1715559
565425, 1137630, 1715617
565457, 1137672, 1715557
565429, 1137647, 1715560
565411, 1137636, 1715620
565450, 1137667, 1715587
565523, 1137655, 1715579
565416, 1137662, 1715590
565432, 1137678, 1715590
565427, 1137648, 1715612
565428, 1137648, 1715548
565421, 1137676, 1715607
565454, 1137655, 1715558
565415, 1137658, 1715553
565432, 1137661, 1715579
565532, 1137646, 1715493
565455, 1137638, 1715630
565429, 1137634, 1715620
565434, 1137658, 1715598
565500, 1137655, 1715545
565440, 1137672, 1715573
565444, 1137658, 1715575
565503, 1137670, 1715564
565435, 1137646, 1715564
565425, 1137658, 1715585
565436, 1137664, 1715581
565499, 1137648, 1715577
565413, 1137665, 1715551
565436, 1137645, 1715602
565426, 1137636, 1715566
565429, 1137656, 1715597
565418, 1137660, 1715626
565433, 1137660, 1715565
565406, 1137601, 1715601
565439, 1137672, 1715580
565507, 1137618, 1715572
565489, 1137648, 1715608
565463, 1137664, 1715595
565444, 1137645, 1715613
565422, 1137668, 1715573
565429, 1137662, 1715624
565435, 1137641, 1715576
565442, 1137681, 1715567
565432, 1137664, 1715602
565433, 1137662, 1715579
565490, 1137652, 1715607
565438, 1137666, 1715583
565435, 1137612, 1715597
565492, 1137650, 1715566
565433, 1137650, 1715614
565432, 1137665, 1715588
565437, 1137636, 1715563
565444, 1137651, 1715652
565444, 1137667, 1715587
565424, 1137683, 1715572
565435, 1137651, 1715604
565510, 1137665, 1715552
565426, 1137655, 1715564
565431, 1137669, 1715594
565406, 1137660, 1715576
565421, 1137636, 1715593
565421, 1137679, 1715579
565493, 1137656, 1715577
565439, 1137637, 1715593
565421, 1137651, 1715564
565424, 1137641, 1715612
565506, 1137660, 1715592
565430, 1137635, 1715594
565437, 1137643, 1715576
565454, 1137655, 1715563
565429, 1137651, 1715611
565460, 1137655, 1715619
565447, 1137663, 1715590
565414, 1137660, 1715581
565422, 1137673, 1715566
565490, 1137654, 1715611
565439, 1137655, 1715588
565406, 1137663, 1715616
565464, 1137666, 1715587
565407, 1137689, 1715591
565529, 1137671, 1715601
565423, 1137657, 1715542
565420, 1137693, 1715533
565445, 1137671, 1715545
565495, 1137652, 1715579
565427, 1137687, 1715602
565439, 1137651, 1715611
565403, 1137663, 1715593
565420, 1137677, 1715593
565445, 1137658, 1715569
565436, 1137650, 1715580
565403, 1137662, 1715559
565423, 1137682, 1715599
565448, 1137667, 1715613
565423, 1137658, 1715571
565414, 1137614, 1715585
565481, 1137673, 1715561
565437, 1137651, 1715597
565433, 1137674, 1715571
565494, 1137658, 1715560
565428, 1137670, 1715523
565419, 1137643, 1715565
565421, 1137670, 1715626
565420, 1137662, 1715578
565423, 1137647, 1715607
565424, 1137649, 1715559
565434, 1137644, 1715557
565507, 1137661, 1715578
565428, 1137673, 1715601
565423, 1137663, 1715614
565516, 1137661, 1715579
565486, 1137666, 1715619
565424, 1137669, 1715598
565419, 1137623, 1715588
565434, 1137623, 1715568
565435, 1137645, 1715555
565426, 1137659, 1715556
565421, 1137665, 1715578
565416, 1137672, 1715597
565492, 1137620, 1715580
565433, 1137642, 1715562
565446, 1137674, 1715559
565443, 1137656, 1715588
565444, 1137680, 1715604
565408, 1137670, 1715593
565448, 1137652, 1715598
565444, 1137665, 1715562
565439, 1137619, 1715556
565445, 1137664, 1715589
565414, 1137614, 1715591
565445, 1137659, 1715609
565431, 1137680, 1715592
565439, 1137659, 1715568
565454, 1137651, 1715588
565458, 1137643, 1715631
565442, 1137681, 1715585
565496, 1137683, 1715601
565441, 1137656, 1715599
565422, 1137665, 1715585
565509, 1137653, 1715541
565420, 1137661, 1715613
565489, 1137667, 1715592
565494, 1137653, 1715528
565436, 1137642, 1715544
565434, 1137692, 1715583
565406, 1137682, 1715589
565499, 1137661, 1715579
565398, 1137655, 1715552
565407, 1137626, 1715556
565523, 1137648, 1715607
565425, 1137661, 1715605
565436, 1137658, 1715564
565422, 1137659, 1715595
565446, 1137678, 1715571
565421, 1137618, 1715605
565434, 1137660, 1715587
565467, 1137664, 1715567
565414, 1137649, 1715600
565505, 1137651, 1715567
565452, 1137648, 1715613
565414, 1137671, 1715604
565458, 1137658, 1715596
565496, 1137662, 1715595
565446, 1137669, 1715588
565431, 1137648, 1715610
565510, 1137636, 1715572
565432, 1137655, 1715581
565412, 1137632, 1715629
565426, 1137654, 1715612
565436, 1137638, 1715585
565418, 1137627, 1715580
565454, 1137633, 1715583
565433, 1137654, 1715561
565453, 1137650, 1715602
565447, 1137653, 1715587
565439, 1137682, 1715597
565432, 1137667, 1715588
565426, 1137665, 1715603
565417, 1137646, 1715605
565549, 1137657, 1715557
565461, 1137652, 1715603
565479, 1137645, 1715589
565445, 1137633, 1715582
565471, 1137617, 1715586
565422, 1137677, 1715610
565427, 1137657, 1715608
565448, 1137657, 1715601
565470, 1137655, 1715611
565429, 1137662, 1715620
565489, 1137613, 1715625
565415, 1137679, 1715616
565467, 1137657, 1715620
565403, 1137663, 1715598
565426, 1137656, 1715595
565447, 1137678, 1715577
565507, 1137629, 1715569
565465, 1137691, 1715604
565415, 1137956, 1715640
565447, 1137628, 1715595
565432, 1137641, 1715561
565419, 1137671, 1715579
565441, 1137663, 1715589
565429, 1137663, 1715577
565440, 1137612, 1715554
565405, 1137659, 1715599
565531, 1137669, 1715604
565418, 1137652, 1715558
565523, 1137673, 1715601
565436, 1137646, 1715591
565422, 1137681, 1715530
565434, 1137657, 1715562
565440, 1137656, 1715573
565442, 1137613, 1715588
565441, 1137634, 1715603
565468, 1137649, 1715598
565442, 1137654, 1715560
565447, 1137675, 1715591
565442, 1137687, 1715601
565415, 1137655, 1715545
565423, 1137653, 1715566
565439, 1137662, 1715641
565484, 1137659, 1715562
565443, 1137657, 1715569
565419, 1137644, 1715563566942, 1137906, 1715736
565452, 1137649, 1715613
565425, 1137617, 1715623
565432, 1137610, 1715573
565421, 1137690, 1715600
565416, 1137638, 1715597
565520, 1137651, 1715552
565448, 1137655, 1715564
565463, 1137668, 1715607
565443, 1137637, 1715603
565430, 1137648, 1715572
565456, 1137660, 1715584
565439, 1137677, 1715553
565440, 1137655, 1715595
565421, 1137613, 1715559
565499, 1137645, 1715617
565496, 1137638, 1715586
565432, 1137677, 1715598
565501, 1137649, 1715608
565421, 1137625, 1715545
565448, 1137645, 1715593
565454, 1137631, 1715574
565433, 1137683, 1715586
565523, 1137651, 1715568
565500, 1137606, 1715604
565434, 1137657, 1715619
565438, 1137644, 1715611
565453, 1137627, 1715571
565429, 1137677, 1715576
565431, 1137658, 1715597
565445, 1137658, 1715581
565436, 1137644, 1715601
565435, 1137666, 1715601
565470, 1137677, 1715571
565421, 1137652, 1715578
565442, 1137694, 1715630
565438, 1137656, 1715581
565412, 1137662, 1715550
565456, 1137687, 1715586
565423, 1137650, 1715530
565445, 1137668, 1715623
565442, 1137670, 1715586
565429, 1137675, 1715589
565430, 1137637, 1715570
565412, 1137637, 1715577
565426, 1137648, 1715612
565497, 1137650, 1715623
565445, 1137675, 1715566
565433, 1137638, 1715597
565428, 1137673, 1715566
565432, 1137638, 1715566
565434, 1137646, 1715561
565455, 1137650, 1715577
565443, 1137648, 1715603
565488, 1137640, 1715587
565411, 1137693, 1715589
565471, 1137676, 1715585
565441, 1137668, 1715597
565422, 1137663, 1715598
565494, 1137655, 1715602
565434, 1137682, 1715575
565427, 1137651, 1715563
565411, 1137647, 1715550
565455, 1137667, 1715581
565428, 1137645, 1715582
565441, 1137654, 1715591
565422, 1137663, 1715591
565415, 1137684, 1715590
565423, 1137653, 1715571
565463, 1137649, 1715643
565544, 1137629, 1715603
565449, 1137671, 1715567
565434, 1137630, 1715568
565492, 1137636, 1715593
565432, 1137670, 1715567
565411, 1137662, 1715598
565432, 1137691, 1715572
