
20544,24377,26102
19428,24077,25876
19576,24225,26022
19431,24080,25878
19427,24075,25873
19421,24070,25866
19434,24082,25880
19424,24087,25870
19427,24084,25865
19435,24091,25874
19429,24086,25869
19581,24238,26021
19580,24238,26020
19427,24083,25867
19434,24090,25873
19433,24089,25872
19427,24083,25866
19423,24074,25871
19573,24222,26019
19421,24070,25868
19437,24087,25884
19435,24083,25881
19424,24073,25871
19424,24073,25870
19586,24236,26034
19428,24077,25875
19592,24240,26038
19424,24073,25870
19426,24074,25872
19417,24065,25863
19426,24076,25872
19424,24085,25869
19419,24083,25866
19432,24089,25872
19426,24083,25865
19437,24093,25876
19433,24090,25873
19431,24087,25869
19434,24090,25876
19429,24084,25869
19425,24075,25871
19427,24075,25874
19429,24079,25876
19426,24076,25874
19432,24081,25879
19587,24235,26033
19420,24068,25866
19436,24085,25882
19435,24083,25882
19426,24074,25872
19578,24226,26025
19423,24071,25870
19888,24537,26335
19427,24076,25873
19429,24078,25875
19422,24072,25868
19419,24083,25866
19588,24244,26027
19577,24234,26016
19419,24074,25858
19422,24078,25862
19415,24072,25855
19436,24093,25875
19436,24092,25875
19428,24085,25866
19427,24082,25866
19432,24081,25878
19428,24076,25875
19591,24240,26037
19425,24074,25872
19432,24081,25878
19419,24067,25865
19428,24077,25875
19428,24078,25874
19427,24075,25873
19418,24068,25865
19427,24076,25873
19582,24230,26028
19583,24231,26029
19431,24079,25877
19423,24071,25868
19420,24084,25867
19423,24079,25863
19425,24080,25863
19433,24089,25871
19422,24078,25862
19425,24081,25866
19431,24088,25871
19432,24088,25872
19438,24087,25882
19421,24069,25866
19423,24072,25869
19427,24076,25873
19579,24227,26026
19431,24080,25889
19430,24089,25887
19421,24081,25919
19430,24126,25887
19434,24083,25881
19452,24089,25886
19465,24091,25900
19435,24096,25928
19437,24130,25938
19442,24139,25937
19623,24304,26117
19464,24143,26015
19786,24501,26337
19640,24332,26186
19473,24164,26018
19479,24165,26029
19477,24187,26035
19473,24192,26039
19470,24185,26029
19474,24179,26041
19482,24198,26056
19479,24195,26052
19485,24202,26061
19480,24196,26054
19482,24199,26055
19480,24198,26055
19493,24213,26068
19492,24207,26065
19480,24195,26054
19485,24201,26059
19487,24203,26062
19491,24209,26065
19482,24198,26057
19483,24199,26057
19481,24197,26056
19486,24203,26061
19482,24198,26056
19641,24357,26215
19485,24201,26059
19478,24194,26052
19657,24374,26230
19486,24203,26060
19477,24193,26051
19485,24202,26060
19489,24206,26063
19484,24201,26058
19489,24205,26064
19492,24209,26066
19641,24357,26215
19492,24209,26065
19494,24210,26067
19648,24363,26223
19489,24206,26063
19639,24355,26213
19495,24211,26069
19487,24203,26061
19491,24207,26064
19481,24198,26056
19488,24205,26063
19483,24200,26057
19652,24368,26225
19484,24200,26058
19488,24204,26064
19493,24210,26067
19479,24196,26053
19645,24361,26218
19485,24202,26060
19493,24209,26067
19483,24200,26058
19479,24197,26054
19480,24197,26054
19493,24208,26067
19497,24212,26070
19487,24202,26060
19483,24193,26065
19651,24366,26224
19488,24205,26063
19492,24209,26067
19645,24361,26220
19796,24513,26370
19487,24203,26062
19430,24081,25876
19428,24077,25875
19423,24073,25870
19586,24232,26029
19426,24075,25873
19418,24081,25864
19576,24232,26015
19430,24087,25869
19425,24081,25864
19427,24084,25867
19428,24084,25868
19431,24087,25870
19431,24086,25874
19427,24083,25867
19429,24078,25875
19433,24083,25880
19427,24073,25873
19431,24081,25879
19583,24232,26030
19424,24072,25871
19417,24067,25864
19429,24079,25876
19422,24071,25869
19428,24078,25876
19426,24076,25873
19584,24232,26030
19425,24073,25871
19434,24084,25881
19414,24077,25860
19428,24084,25867
19424,24079,25863
19428,24083,25868
19428,24085,25868
19426,24083,25866
19421,24077,25861
19419,24075,25857
19423,24071,25870
19430,24079,25878
19432,24082,25879
19433,24081,25879
19422,24071,25869
19581,24230,26027
19444,24093,25891
19419,24068,25867
19438,24088,25885
19421,24070,25868
19429,24076,25875
19432,24080,25878
19430,24078,25877
19576,24241,26023
19414,24077,25861
19424,24081,25863
19584,24241,26023
19416,24072,25855
19427,24082,25866
19431,24087,25870
19424,24080,25864
19584,24241,26024
19429,24085,25868
19583,24238,26022
19433,24081,25880
19427,24075,25874
19436,24084,25881
19419,24068,25866
19427,24075,25872
19426,24075,25873
19423,24072,25869
19421,24072,25866
19426,24075,25873
19429,24078,25875
19428,24077,25875
19429,24079,25878
19421,24084,25867
19428,24085,25867
19423,24078,25862
19424,24079,25862
19432,24086,25871
19420,24076,25859
19425,24082,25865
19421,24078,25860
19425,24073,25871
19588,24238,26035
19427,24076,25873
19425,24074,25871
19423,24071,25870
19429,24078,25875
19424,24073,25870
19419,24069,25864
19427,24075,25873
19418,24068,25865
19422,24072,25868
19426,24074,25872
19587,24236,26034
19434,24084,25891
19408,24082,25865
19417,24086,25902
19423,24125,25874
19601,24257,26041
19445,24090,25872
19620,24253,26048
19440,24108,25925
19438,24139,25935
19602,24293,26091
19456,24138,25944
19625,24296,26171
19468,24185,26014
19475,24177,26016
19638,24336,26176
19484,24179,26030
19477,24182,26022
19478,24190,26033
19476,24183,26029
19630,24335,26196
19482,24198,26056
19488,24204,26064
19491,24207,26069
19639,24356,26214
19641,24358,26215
19490,24206,26064
19489,24204,26063
19488,24204,26062
19488,24205,26064
19488,24205,26066
19644,24362,26219
19487,24203,26062
19480,24196,26054
19488,24204,26065
19494,24210,26072
19487,24203,26061
19490,24206,26064
19484,24200,26058
19485,24194,26067
19486,24194,26066
19491,24199,26072
19475,24185,26058
19485,24196,26067
19488,24195,26068
19487,24197,26069
19484,24194,26066
19484,24192,26065
19490,24200,26072
19479,24189,26061
19496,24205,26078
19486,24196,26068
19484,24194,26067
19649,24355,26227
19489,24198,26070
19488,24198,26070
19491,24200,26071
19491,24197,26070
19480,24190,26062
19481,24188,26062
19483,24193,26065
19491,24200,26073
19477,24186,26059
19491,24200,26073
19648,24357,26230
19494,24202,26075
19491,24201,26073
19487,24197,26069
19487,24196,26069
19479,24188,26061
19487,24195,26067
19646,24355,26227
19488,24196,26069
19492,24201,26073
19648,24357,26229
19481,24189,26062
19644,24354,26226
19489,24199,26071
19490,24200,26071
19487,24198,26069
19493,24203,26074
19488,24196,26068
19429,24077,25875
19584,24229,26026
19427,24076,25874
19427,24076,25874
19430,24078,25875
19416,24079,25862
19431,24086,25869
19425,24081,25864
19422,24078,25861
19426,24082,25865
19429,24084,25869
19426,24082,25865
19428,24083,25866
19429,24078,25875
19426,24075,25873
19590,24239,26037
19426,24075,25872
19421,24069,25867
19419,24070,25866
19430,24079,25877
19416,24066,25863
19422,24072,25869
19420,24069,25867
19434,24082,25880
19582,24231,26028
19434,24083,25881
19417,24073,25863
19574,24237,26020
19574,24238,26021
19435,24092,25875
19421,24076,25859
19421,24078,25861
19426,24083,25866
19426,24082,25865
19424,24081,25864
19429,24085,25869
19425,24074,25865
19421,24070,25868
19424,24072,25870
19431,24080,25877
19425,24075,25873
19426,24075,25874
19422,24071,25868
19428,24077,25873
19428,24077,25875
19428,24077,25875
19429,24079,25875
19434,24082,25879
19419,24082,25866
19426,24082,25865
19426,24081,25865
19419,24076,25859
19424,24082,25864
19431,24087,25871
19427,24084,25867
19431,24087,25871
19433,24083,25873
19425,24075,25872
19435,24084,25882
19426,24074,25873
19429,24079,25876
19428,24076,25876
19427,24077,25874
19427,24076,25874
19423,24070,25868
19418,24067,25865
19584,24234,26032
19426,24075,25873
19424,24073,25870
19419,24082,25865
19428,24086,25868
19584,24242,26024
19425,24082,25865
19596,24253,26034
19423,24079,25863
19428,24085,25867
19423,24079,25862
19429,24086,25868
19432,24088,25872
19427,24076,25874
19419,24067,25867
19425,24074,25872
19435,24085,25881
19431,24079,25878
19420,24070,25866
19428,24077,25875
19419,24068,25866
19435,24084,25881
19428,24078,25875
19421,24069,25868
19428,24077,25874
19413,24075,25859
19579,24236,26018
19425,24082,25875
19429,24097,25879
19427,24094,25912
19419,24123,25871
19445,24102,25884
19449,24093,25876
19454,24086,25883
19593,24261,26079
19432,24133,25928
19453,24135,25948
19459,24136,25956
19627,24292,26178
19468,24177,26020
19481,24176,26030
19628,24318,26174
19644,24331,26196
19484,24183,26036
19635,24340,26194
19487,24189,26046
19638,24336,26212
19482,24190,26063
19481,24189,26062
19638,24347,26220
19483,24193,26056
19479,24188,26060
19488,24198,26070
19485,24194,26067
19491,24200,26073
19638,24348,26219
19482,24192,26062
19481,24189,26063
19492,24201,26074
19485,24194,26067
19498,24207,26079
19488,24198,26069
19490,24199,26071
19489,24198,26071
19484,24193,26064
19486,24196,26069
19480,24189,26062
19490,24199,26072
19491,24201,26073
19494,24204,26077
19481,24191,26063
19497,24207,26080
19482,24193,26065
19491,24200,26073
19644,24354,26225
19490,24200,26072
19491,24200,26073
19491,24200,26072
19490,24199,26072
19641,24349,26222
19478,24187,26061
19505,24215,26086
19486,24196,26068
19496,24205,26077
19492,24202,26073
19487,24196,26069
19493,24203,26074
19485,24194,26067
19473,24182,26057
19481,24190,26065
19482,24191,26064
19639,24348,26222
19489,24199,26072
19487,24197,26068
19491,24201,26072
19490,24199,26071
19483,24192,26064
19488,24198,26072
19495,24202,26078
19485,24195,26066
19480,24189,26063
19478,24188,26061
19486,24195,26067
19489,24198,26071
19495,24203,26077
19493,24201,26074
19485,24193,26066
19473,24183,26055
19428,24079,25876
19431,24081,25878
19429,24077,25875
19423,24073,25870
19577,24237,26027
19416,24079,25863
19439,24095,25877
19428,24084,25866
19428,24083,25868
19428,24085,25867
19431,24087,25870
19421,24077,25860
19415,24071,25854
19584,24233,26022
19422,24069,25868
19432,24081,25879
19428,24077,25875
19418,24068,25865
19422,24072,25868
19585,24233,26031
19424,24073,25871
19423,24071,25869
19432,24081,25877
19431,24079,25878
19422,24070,25868
19425,24075,25872
19583,24233,26031
19420,24082,25866
19422,24078,25861
19434,24090,25874
19430,24086,25869
19584,24240,26023
19426,24081,25865
19420,24075,25859
19583,24241,26023
19426,24082,25865
19432,24088,25870
19426,24075,25873
19428,24077,25875
19430,24079,25876
19422,24071,25868
19423,24071,25870
19425,24074,25872
19428,24078,25874
19421,24070,25866
19421,24070,25869
19430,24078,25877
19426,24074,25872
19424,24073,25869
19418,24080,25864
19584,24241,26023
19431,24089,25871
19423,24079,25862
19430,24087,25870
19422,24078,25861
19588,24245,26027
19426,24083,25865
19582,24238,26021
19586,24242,26025
19427,24084,25867
19423,24078,25863
19422,24072,25868
19437,24086,25883
19425,24074,25871
19432,24081,25878
19590,24239,26037
19431,24080,25877
19431,24079,25878
19430,24079,25879
19427,24076,25874
19423,24072,25869
19431,24079,25877
19425,24073,25871
19586,24235,26033
19428,24077,25875
19422,24085,25869
19426,24083,25866
19440,24096,25879
19428,24086,25868
19429,24085,25867
19429,24084,25869
19419,24077,25859
19425,24082,25865
19426,24075,25873
19428,24079,25875
19430,24079,25876
19432,24082,25879
19427,24076,25874
19430,24080,25877
19885,24534,26332
19430,24078,25877
19421,24070,25868
19436,24085,25883
19435,24084,25892
19427,24086,25885
19422,24083,25914
19423,24117,25879
19431,24079,25876
19447,24100,25881
19453,24086,25881
19433,24101,25918
19437,24142,25933
19455,24146,25943
19617,24299,26106
19467,24139,26012
19468,24186,26014
19474,24177,26016
19484,24182,26021
19480,24174,26025
19475,24181,26021
19477,24190,26029
19481,24189,26033
19484,24188,26053
19485,24200,26059
19488,24203,26061
19485,24202,26058
19491,24208,26065
19634,24350,26209
19486,24202,26061
19646,24362,26220
19488,24203,26064
19483,24199,26058
19643,24360,26220
19487,24204,26065
19489,24206,26064
19485,24201,26059
19487,24202,26061
19477,24194,26051
19495,24204,26075
19502,24211,26083
19487,24196,26069
19485,24195,26066
19489,24199,26071
19483,24191,26064
19486,24195,26068
19490,24200,26072
19487,24196,26070
19799,24508,26380
19483,24192,26063
19489,24198,26070
19487,24197,26068
19482,24191,26063
19492,24201,26074
19493,24203,26074
19484,24192,26066
19486,24195,26068
19489,24198,26071
19485,24194,26066
19491,24200,26072
19480,24190,26062
19642,24350,26223
19485,24193,26066
19484,24193,26065
19480,24190,26062
19484,24194,26066
19485,24195,26066
19487,24195,26068
19481,24192,26063
19483,24191,26065
19486,24195,26068
19485,24195,26069
19477,24187,26060
19477,24186,26058
19492,24201,26073
19489,24196,26072
19488,24197,26073
19488,24197,26069
19479,24189,26060
19633,24341,26214
19486,24195,26070
19500,24209,26081
19641,24351,26224
19483,24191,26066
19484,24193,26066
19426,24075,25872
19429,24078,25875
19424,24072,25870
19428,24091,25874
19433,24089,25873
19431,24088,25870
19431,24087,25870
19418,24075,25856
19580,24232,26016
19426,24083,25865
19432,24088,25872
19432,24089,25872
19427,24076,25873
19425,24075,25870
19422,24071,25868
19423,24073,25869
19427,24075,25873
19737,24387,26185
19425,24074,25873
19430,24079,25877
19427,24077,25875
19583,24231,26029
19588,24236,26035
19431,24081,25880
19429,24077,25876
19429,24078,25877
19580,24229,26027
19423,24072,25869
19429,24077,25875
19416,24079,25863
19429,24085,25869
19420,24077,25861
19744,24400,26184
19740,24397,26179
19435,24092,25875
19428,24087,25868
19426,24082,25866
19572,24230,26011
19438,24093,25877
19430,24085,25868
19426,24082,25866
19421,24078,25860
19421,24070,25868
19429,24077,25875
19423,24072,25869
19433,24082,25880
19430,24079,25878
19575,24226,26023
19433,24082,25879
19435,24085,25882
19427,24076,25872
19429,24078,25876
19421,24070,25867
19429,24079,25875
19588,24238,26035
19419,24081,25865
19434,24090,25872
19422,24079,25861
19416,24073,25856
19587,24242,26026
19415,24072,25853
19430,24087,25869
19586,24242,26024
19424,24080,25862
19430,24085,25868
19429,24079,25876
19432,24080,25878
19429,24078,25876
19583,24232,26031
19425,24075,25872
19429,24078,25876
19422,24073,25869
19433,24082,25879
19425,24075,25871
19579,24228,26026
19439,24088,25885
19430,24078,25876
19420,24069,25866
19427,24075,25873
19416,24079,25863
19425,24081,25865
19426,24082,25866
19428,24084,25866
19434,24090,25873
19423,24079,25861
19424,24080,25861
19434,24089,25872
19427,24076,25873
19421,24070,25867
19421,24070,25868
19585,24234,26031
19428,24076,25874
19425,24073,25871
19429,24078,25887
19432,24093,25895
19429,24090,25923
19429,24124,25886
19447,24095,25892
19453,24089,25887
19463,24090,25898
19442,24101,25933
19431,24140,25934
19454,24146,25941
19460,24141,25948
19478,24149,26024
19468,24187,26014
19476,24177,26017
19477,24175,26014
19487,24183,26033
19483,24190,26029
19485,24196,26036
19476,24187,26029
19485,24191,26052
19482,24199,26056
19483,24199,26057
19486,24203,26061
19633,24349,26206
19492,24207,26065
19488,24203,26061
19484,24200,26057
19491,24206,26065
19499,24216,26074
19485,24201,26061
19472,24189,26047
19482,24198,26055
19481,24197,26055
19480,24189,26054
19479,24188,26062
19493,24201,26073
19491,24200,26072
19483,24191,26063
19481,24191,26062
19637,24347,26218
19483,24192,26064
19635,24344,26217
19484,24193,26065
19485,24195,26067
19482,24191,26063
19485,24195,26066
19477,24187,26060
19490,24199,26072
19644,24354,26225
19492,24202,26072
19644,24353,26225
19482,24192,26063
19479,24189,26062
19488,24196,26070
19638,24347,26220
19489,24198,26070
19492,24200,26072
19482,24192,26064
19480,24189,26061
19491,24200,26072
19483,24193,26066
19644,24354,26226
19494,24202,26075
19489,24198,26071
19490,24199,26071
19640,24350,26221
19641,24350,26223
19478,24187,26059
19800,24510,26382
19481,24198,26054
19495,24205,26078
19479,24189,26061
19486,24197,26067
19492,24200,26072
19477,24185,26058
19478,24186,26059
19478,24188,26061
19486,24195,26068
19498,24208,26079
19488,24195,26069
19485,24193,26067
19428,24077,25875
19427,24076,25874
19419,24068,25866
19427,24078,25875
19427,24090,25874
19422,24079,25862
19428,24084,25867
19423,24079,25863
19419,24076,25858
19429,24085,25868
19423,24079,25862
19423,24079,25862
19428,24077,25874
19425,24073,25871
19432,24080,25878
19427,24073,25872
19422,24070,25869
19428,24077,25874
19420,24070,25866
19435,24083,25882
19431,24080,25878
19421,24071,25869
19430,24080,25876
19424,24071,25870
19416,24079,25863
19424,24080,25863
19433,24092,25872
19428,24084,25868
19426,24083,25865
19429,24085,25869
19426,24083,25867
19428,24084,25868
19435,24084,25880
19428,24075,25874
19421,24069,25867
19431,24081,25878
19428,24077,25876
19427,24077,25873
19431,24079,25877
19420,24069,25868
19421,24070,25867
19432,24081,25879
19427,24076,25874
19434,24082,25878
19412,24074,25858
19432,24087,25871
19590,24243,26026
19417,24074,25857
19418,24074,25857
19426,24082,25866
19432,24089,25872
19421,24078,25863
19420,24078,25860
19425,24075,25871
19579,24228,26025
19422,24072,25869
19430,24078,25876
19586,24236,26033
19426,24075,25873
19588,24236,26036
19431,24080,25877
19423,24071,25869
19424,24073,25871
19426,24076,25873
19420,24068,25867
19588,24237,26036
19429,24078,25876
19436,24085,25881
19414,24078,25861
19418,24075,25858
19426,24082,25864
19427,24084,25866
19427,24084,25866
19581,24237,26019
19425,24081,25864
19428,24084,25866
19426,24082,25864
19584,24240,26022
19427,24076,25873
19427,24075,25874
19433,24082,25879
19431,24078,25876
19435,24084,25880
19432,24081,25879
19430,24079,25878
19426,24076,25872
19420,24070,25867
19428,24077,25874
19426,24074,25872
19425,24075,25872
19426,24090,25873
19421,24077,25859
19424,24082,25863
19420,24076,25870
19428,24095,25877
19429,24097,25914
19428,24131,25877
19591,24246,26029
19453,24097,25881
19457,24089,25884
19443,24103,25934
19436,24132,25940
19451,24134,25946
19460,24136,25956
19477,24141,26029
19478,24188,26030
19472,24165,26021
19476,24168,26022
19478,24165,26031
19626,24324,26179
19469,24175,26029
19482,24183,26041
19495,24192,26069
19481,24190,26063
19484,24193,26067
19490,24199,26071
19485,24194,26070
19480,24189,26062
19486,24194,26066
19485,24194,26067
19492,24200,26072
19644,24352,26226
19490,24200,26070
19491,24201,26073
19487,24196,26068
19486,24196,26069
19483,24191,26065
19492,24201,26073
19487,24197,26068
