Gen, Enc, Dec
13439,16420,17848
12507,16279,17794
12500,16288,17794
12493,16282,17781
12666,16435,17948
12654,16444,17949
12651,16439,17947
12499,16281,17794
12502,16290,17797
12495,16284,17790
12501,16283,17796
12490,16278,17784
12490,16277,17785
12498,16278,17792
12498,16279,17793
12497,16284,17790
12498,16279,17792
12504,16277,17791
12502,16289,17797
12495,16276,17790
12498,16272,17786
12493,16281,17787
12496,16276,17790
12664,16437,17952
12497,16284,17790
12492,16280,17780
12505,16278,17793
12497,16286,17792
12493,16282,17781
12501,16274,17789
12496,16284,17791
12494,16282,17783
12499,16273,17787
12492,16280,17787
12494,16282,17781
12504,16276,17790
12500,16288,17794
12492,16281,17780
12501,16275,17788
12501,16289,17795
12492,16279,17779
12660,16434,17947
12495,16282,17789
12502,16290,17790
12504,16276,17791
12499,16287,17794
12501,16290,17788
12506,16279,17793
12493,16281,17788
12498,16286,17786
12501,16274,17788
12488,16276,17783
12651,16439,17939
12653,16434,17948
12495,16282,17789
12491,16278,17785
12497,16279,17793
12490,16278,17785
12491,16280,17786
12501,16280,17794
12501,16290,17797
12496,16284,17791
12495,16276,17791
12498,16286,17793
12491,16278,17785
12496,16275,17790
12492,16273,17787
12493,16282,17788
12496,16278,17791
12503,16277,17790
12493,16280,17787
12495,16276,17790
12498,16272,17786
12492,16280,17787
12499,16281,17795
12505,16279,17792
12496,16284,17792
12498,16280,17794
12507,16280,17795
12495,16284,17790
12495,16285,17784
12507,16280,17795
12494,16282,17790
12489,16277,17777
12499,16274,17787
12492,16280,17786
12490,16279,17779
12665,16439,17952
12493,16282,17788
12495,16283,17782
12497,16271,17784
12493,16281,17787
12493,16281,17781
12504,16278,17794
12493,16282,17787
12502,16290,17790
12497,16271,17786
12495,16283,17790
12648,16437,17936
12500,16273,17788
12499,16286,17793
12495,16284,17783
12507,16281,17795
12493,16280,17788
12494,16282,17783
12499,16273,17787
12495,16283,17790
12497,16285,17785
12655,16428,17942
12495,16282,17789
12500,16288,17795
12494,16276,17789
12502,16289,17796
12497,16284,17791
12496,16278,17792
12502,16290,17797
12651,16440,17947
12490,16272,17784
12491,16279,17786
12492,16281,17787
12496,16277,17791
12499,16273,17787
12494,16283,17789
12490,16272,17785
12499,16273,17787
12497,16284,17791
12495,16276,17788
12507,16280,17795
12500,16289,17795
12496,16277,17791
12498,16272,17786
12488,16275,17783
12487,16268,17780
12507,16280,17795
12496,16283,17790
12494,16282,17780
12503,16276,17790
12501,16288,17796
12497,16286,17785
12660,16434,17948
12497,16285,17792
12493,16282,17780
12501,16274,17788
12655,16443,17973
12495,16306,17804
12497,16290,17794
12513,16301,17807
12507,16296,17818
12527,16312,17825
12532,16320,17849
12529,16338,17851
12523,16331,17857
12532,16343,17895
12535,16346,17921
12541,16368,17938
12549,16369,17940
12538,16371,17942
12541,16382,17937
12554,16378,17948
12700,16533,18096
12541,16374,17939
12552,16375,17946
12553,16386,17957
12550,16390,17957
12549,16385,17959
12562,16388,17974
12553,16402,17984
12553,16401,17976
12565,16398,17986
12557,16406,17988
12554,16402,17983
12713,16554,18142
12558,16392,17980
12554,16402,17984
12553,16402,17977
12563,16397,17986
12558,16406,17988
12557,16406,17987
12553,16394,17982
12554,16401,17984
12552,16399,17981
12709,16558,18132
12570,16402,17991
12557,16405,17987
12554,16405,17985
12560,16401,17990
12553,16400,17983
12556,16404,17986
12552,16402,17975
12566,16399,17987
12551,16399,17980
12552,16401,17975
12562,16396,17984
12557,16405,17987
12551,16399,17981
12554,16395,17984
12564,16398,17987
12713,16562,18144
12713,16561,18144
12556,16398,17986
12559,16406,17989
12560,16409,17989
12554,16403,17978
12566,16399,17990
12562,16411,17992
12556,16404,17979
12562,16396,17984
12552,16401,17981
12547,16396,17978
12553,16396,17984
12564,16397,17986
12560,16408,17990
12555,16404,17978
12561,16394,17984
12551,16402,17981
12562,16410,17991
12557,16399,17986
12563,16396,17986
12555,16403,17984
12551,16399,17975
12563,16397,17986
12556,16405,17985
12556,16405,17979
12561,16394,17983
12554,16401,17983
12555,16404,17985
12545,16394,17967
12562,16394,17982
12558,16406,17987
12557,16405,17981
12563,16396,17986
12557,16407,17987
12553,16400,17982
12557,16397,17986
12568,16401,17990
12861,16709,18290
12560,16408,17983
12568,16402,17990
12711,16558,18140
12555,16403,17986
12556,16404,17979
12558,16392,17980
12560,16407,17990
12559,16407,17982
12563,16397,17985
12555,16404,17985
12563,16410,17993
12552,16394,17975
12562,16396,17984
12555,16403,17984
12556,16405,17980
12554,16389,17977
12554,16404,17983
12549,16398,17979
12548,16390,17979
12567,16401,17990
12557,16405,17987
12561,16410,17986
12558,16392,17981
12503,16277,17790
12489,16277,17784
12496,16283,17783
12508,16282,17795
12497,16284,17791
12493,16281,17781
12504,16277,17790
12495,16282,17789
12492,16280,17779
12499,16271,17786
12494,16282,17790
12492,16279,17780
12503,16276,17791
12490,16277,17785
12497,16286,17786
12503,16277,17790
12501,16288,17795
12501,16288,17789
12503,16276,17791
12492,16280,17787
12655,16440,17938
12497,16279,17792
12496,16284,17791
12496,16285,17791
12648,16430,17942
12492,16280,17787
12491,16279,17786
12495,16274,17787
12495,16284,17790
12650,16437,17944
12650,16439,17938
12498,16272,17785
12485,16274,17780
12494,16282,17781
12504,16278,17791
12648,16437,17943
12497,16285,17785
12498,16272,17786
12493,16281,17787
12495,16283,17783
12501,16274,17787
12649,16437,17944
12494,16282,17782
12502,16276,17789
12644,16431,17939
12494,16283,17782
12493,16272,17788
12495,16283,17790
12496,16283,17791
12492,16274,17787
12495,16283,17790
12497,16285,17792
12654,16435,17949
12496,16283,17791
12497,16285,17792
12499,16280,17793
12488,16275,17782
12501,16288,17795
12495,16275,17789
12502,16276,17791
12500,16289,17796
12488,16271,17784
12504,16277,17792
12654,16442,17949
12491,16279,17779
12502,16276,17789
12500,16288,17793
12492,16281,17780
12501,16274,17788
12651,16439,17945
12496,16284,17784
12498,16272,17785
12490,16279,17785
12493,16283,17781
12500,16273,17787
12497,16285,17791
12491,16278,17779
12662,16435,17951
12498,16286,17793
12653,16440,17941
12499,16274,17788
12497,16286,17792
12492,16281,17779
12494,16275,17789
12496,16284,17791
12497,16286,17793
12497,16278,17791
12493,16280,17787
12494,16282,17789
12491,16273,17787
12494,16282,17789
12497,16285,17792
12493,16274,17788
12494,16282,17789
12491,16279,17785
12501,16282,17796
12496,16284,17790
12807,16595,18101
12493,16282,17781
12498,16272,17786
12502,16289,17796
12493,16281,17780
12501,16275,17789
12494,16283,17789
12493,16281,17781
12502,16275,17789
12494,16282,17788
12499,16287,17786
12503,16277,17789
12496,16284,17790
12503,16292,17791
12504,16278,17791
12652,16440,17946
12497,16284,17785
12500,16272,17786
12502,16290,17797
12498,16286,17786
12503,16276,17790
12496,16285,17791
12646,16434,17934
12495,16269,17784
12496,16284,17791
12497,16286,17786
12503,16277,17789
12497,16285,17791
12493,16280,17781
12511,16286,17798
12651,16439,17946
12497,16285,17792
12497,16280,17793
12496,16283,17791
12490,16278,17784
12500,16280,17794
12495,16283,17790
12489,16277,17783
12496,16276,17790
12652,16439,17946
12492,16279,17785
12489,16271,17784
12502,16276,17790
12497,16285,17791
12498,16279,17793
12501,16274,17812
12490,16300,17805
12496,16305,17796
12512,16285,17800
12510,16299,17828
12513,16313,17812
12541,16315,17851
12526,16336,17855
12672,16494,18004
12532,16329,17887
12541,16352,17927
12536,16371,17926
12545,16363,17933
12544,16376,17947
12538,16378,17942
12540,16374,17942
12549,16368,17939
12549,16382,17952
12548,16384,17941
12558,16376,17955
12559,16400,17967
12547,16392,17951
12548,16382,17965
12539,16387,17970
12558,16406,17988
12556,16404,17978
12561,16397,17984
12551,16398,17981
12552,16401,17975
12564,16398,17987
12555,16404,17985
12556,16404,17985
12554,16392,17981
12557,16391,17981
12558,16407,17988
12554,16403,17977
12559,16394,17982
12556,16403,17986
12554,16402,17984
12559,16400,17989
12558,16405,17987
12552,16400,17982
12557,16405,17979
12561,16395,17986
12554,16402,17984
12555,16405,17979
12565,16397,17985
12555,16403,17985
12552,16401,17983
12710,16559,18133
12563,16396,17987
12555,16403,17985
12555,16404,17979
12564,16398,17987
12553,16402,17982
12548,16396,17978
12552,16394,17982
12719,16552,18141
12559,16407,17988
12555,16402,17978
12561,16395,17983
12556,16405,17986
12551,16400,17981
12562,16399,17988
12557,16391,17980
12555,16403,17985
12555,16402,17978
12559,16392,17981
12562,16409,17991
12551,16399,17981
12555,16397,17985
12557,16405,17987
12711,16558,18140
12553,16401,17976
12563,16396,17985
12556,16403,17985
12556,16404,17986
12549,16389,17979
12556,16404,17986
12558,16406,17987
12559,16407,17980
12557,16390,17981
12559,16407,17988
12713,16561,18136
12557,16398,17987
12559,16407,17988
12549,16398,17979
12713,16561,18139
12566,16399,17988
12549,16396,17979
12707,16555,18136
12551,16393,17981
12559,16393,17982
12553,16402,17984
12558,16406,17984
12563,16397,17985
12558,16405,17988
12553,16402,17978
12554,16388,17977
12561,16409,17991
12552,16400,17982
12551,16400,17974
12567,16399,17988
12555,16403,17986
12552,16399,17975
12563,16396,17986
12556,16404,17986
12556,16403,17986
12562,16401,17989
12559,16392,17982
12708,16557,18137
12553,16403,17977
12561,16394,17984
12548,16398,17979
12553,16402,17983
12558,16399,17987
12502,16275,17789
12495,16283,17790
12491,16279,17778
12501,16273,17788
12496,16285,17791
12496,16285,17785
12498,16273,17786
12490,16279,17786
12492,16281,17780
12506,16280,17793
12497,16283,17791
12501,16290,17790
12498,16272,17786
12496,16284,17791
12495,16285,17783
12508,16281,17794
12498,16285,17792
12501,16289,17789
12498,16272,17785
12655,16439,17945
12497,16286,17785
12490,16271,17786
12494,16282,17788
12498,16285,17793
12498,16279,17792
12498,16285,17793
12500,16288,17795
12492,16274,17788
12495,16283,17789
12491,16278,17786
12488,16269,17784
12495,16283,17789
12499,16288,17795
12491,16273,17786
12499,16288,17794
12500,16289,17795
12501,16282,17796
12499,16285,17794
12491,16279,17786
12491,16272,17785
12498,16286,17794
12503,16292,17798
12496,16276,17790
12497,16285,17792
12491,16280,17786
12498,16278,17792
12495,16282,17790
12501,16289,17795
12492,16272,17786
12498,16272,17787
12494,16282,17789
12493,16276,17789
12499,16273,17787
12495,16283,17790
12497,16280,17793
12502,16276,17790
12494,16281,17789
12495,16276,17790
12502,16276,17790
12498,16286,17793
12499,16280,17793
12503,16277,17791
12502,16290,17796
12491,16279,17778
12511,16285,17798
12496,16284,17791
12499,16286,17786
12506,16279,17793
12497,16284,17792
12496,16283,17783
12498,16271,17784
12490,16279,17784
12496,16284,17784
12508,16281,17794
12491,16278,17785
12498,16288,17788
12506,16281,17793
12500,16289,17794
12494,16282,17781
12663,16437,17953
12497,16284,17791
12490,16279,17778
12506,16279,17793
12500,16288,17795
12495,16284,17784
12494,16267,17782
12488,16278,17783
12488,16277,17777
12507,16280,17794
12488,16276,17782
12489,16277,17776
12503,16276,17790
12497,16285,17792
12497,16286,17785
12503,16276,17790
12493,16280,17787
12499,16287,17787
12504,16277,17792
12654,16442,17949
12492,16280,17781
12502,16277,17791
12490,16277,17784
12499,16287,17788
12500,16273,17787
12500,16288,17794
12494,16285,17782
12499,16279,17793
12486,16275,17782
12493,16282,17788
12496,16276,17790
12497,16285,17792
12504,16291,17799
12655,16437,17950
12492,16279,17786
12491,16279,17786
12487,16268,17781
12501,16289,17795
12498,16285,17792
12647,16429,17943
12501,16275,17789
12498,16286,17793
12493,16282,17782
12506,16279,17793
12500,16289,17796
12490,16279,17778
12499,16270,17783
12492,16279,17786
12494,16281,17781
12504,16276,17791
12492,16280,17786
12498,16286,17785
12504,16277,17791
12493,16281,17788
12499,16286,17786
12494,16268,17781
12656,16445,17952
12496,16284,17784
12503,16278,17792
12500,16288,17795
12499,16288,17788
12497,16271,17785
12493,16282,17788
12495,16284,17807
12500,16297,17808
12496,16304,17803
12506,16295,17795
12510,16284,17821
12518,16318,17824
12689,16476,18007
12526,16331,17856
12518,16339,17857
12538,16349,17901
12544,16349,17930
12553,16372,17944
12540,16373,17936
12541,16376,17941
12541,16366,17937
12542,16384,17942
12548,16382,17938
12553,16372,17949
12542,16379,17943
12549,16383,17954
12553,16383,17958
12557,16387,17960
12713,16552,18130
12705,16554,18131
12564,16398,17987
12547,16397,17977
12557,16406,17988
12555,16397,17985
12562,16395,17984
12557,16405,17985
12713,16561,18135
12558,16393,17981
12554,16403,17984
12553,16401,17983
12552,16395,17983
12718,16550,18139
12551,16398,17979
12555,16403,17977
12562,16396,17984
12561,16409,17992
12556,16405,17987
12554,16395,17983
12566,16401,17989
12560,16407,17988
12542,16391,17965
12556,16390,17978
12554,16401,17984
12555,16402,17984
12552,16392,17980
12562,16409,17992
12556,16403,17986
12558,16406,17980
12561,16394,17982
12558,16406,17987
12559,16406,17981
12561,16396,17983
12553,16401,17983
12551,16398,17980
12560,16401,17982
12565,16399,17987
12551,16399,17981
12550,16399,17973
12564,16397,17987
12554,16404,17984
12551,16398,17981
12557,16399,17989
12561,16395,17983
12556,16404,17987
12552,16401,17975
12564,16398,17985
12560,16408,17990
12556,16405,17979
12567,16399,17988
12555,16403,17985
12551,16399,17980
12555,16403,17978
12559,16393,17981
12560,16408,17989
12552,16401,17976
12566,16400,17988
12552,16401,17982
12557,16405,17987
12562,16401,17989
12565,16398,17988
12552,16400,17981
12553,16400,17975
12565,16397,17986
12557,16404,17986
12560,16407,17990
12560,16402,17991
12548,16396,17978
12558,16405,17987
12552,16400,17973
12560,16392,17983
12549,16397,17978
12553,16401,17975
12556,16389,17978
12553,16401,17983
12706,16554,18136
12554,16402,17976
12564,16397,17988
12555,16402,17984
12556,16404,17979
12565,16399,17987
12553,16402,17982
12558,16406,17988
12555,16397,17984
12565,16399,17987
12555,16403,17984
12557,16405,17979
12564,16398,17986
12552,16400,17983
12715,16564,18145
12559,16400,17988
12559,16393,17982
12554,16401,17983
12503,16276,17790
12491,16278,17785
12493,16282,17781
12502,16275,17790
12497,16284,17792
12497,16285,17785
12503,16277,17791
12497,16285,17792
12494,16281,17781
12500,16273,17789
12493,16281,17788
12492,16280,17779
12504,16277,17791
12497,16286,17792
12504,16290,17792
12505,16279,17793
12497,16288,17792
12497,16285,17785
12500,16274,17789
12490,16278,17784
12496,16285,17784
12504,16278,17792
12494,16282,17789
12497,16286,17784
12493,16274,17788
12496,16283,17791
12490,16278,17785
12501,16283,17796
12498,16287,17793
12654,16439,17945
12490,16269,17783
12496,16284,17792
12492,16279,17786
12494,16275,17789
12494,16282,17789
12493,16280,17787
12495,16276,17790
12501,16282,17797
12493,16282,17788
12502,16284,17797
12506,16279,17794
12497,16286,17792
12808,16596,18096
12497,16270,17783
12488,16276,17782
12498,16288,17787
12496,16269,17786
12493,16282,17786
12652,16440,17939
12506,16279,17793
12499,16287,17794
12490,16279,17779
12503,16276,17791
12494,16281,17788
12498,16287,17786
12501,16274,17789
12501,16288,17795
12494,16281,17782
12503,16277,17791
12647,16434,17941
12501,16291,17788
12491,16271,17786
12494,16283,17791
12495,16283,17791
12498,16280,17792
12492,16280,17787
12489,16278,17784
12491,16272,17786
12489,16277,17783
12495,16282,17789
12493,16274,17788
12492,16279,17786
12489,16276,17783
12648,16429,17943
12499,16286,17795
12497,16284,17792
12496,16277,17791
12501,16273,17789
12495,16284,17790
12494,16275,17789
12505,16278,17793
12496,16284,17791
12498,16278,17792
12497,16271,17786
12501,16288,17796
12499,16280,17793
12505,16278,17793
12498,16286,17792
12491,16279,17779
12499,16273,17787
12494,16281,17789
12489,16278,17777
12502,16275,17789
12502,16289,17797
12495,16284,17783
12505,16278,17792
12498,16286,17793
12501,16288,17789
12507,16281,17794
12492,16279,17785
12489,16277,17776
12504,16277,17790
12497,16284,17791
12493,16281,17780
12500,16273,17786
12498,16285,17793
12488,16277,17777
12495,16269,17782
12489,16277,17784
12490,16278,17778
12503,16277,17790
12493,16280,17787
12496,16285,17784
12501,16274,17789
12493,16280,17787
12501,16289,17789
12504,16276,17790
12500,16288,17794
12651,16440,17939
12503,16275,17790
12494,16282,17789
12491,16279,17778
12504,16276,17791
12490,16278,17784
12497,16284,17784
12499,16273,17786
12494,16281,17788
12490,16279,17777
12502,16275,17789
12495,16282,17789
12648,16436,17936
12503,16276,17791
12495,16282,17790
12491,16280,17780
12500,16274,17787
12655,16443,17949
12648,16436,17942
12489,16271,17784
12503,16277,17792
12493,16281,17788
12492,16274,17786
12494,16268,17782
12503,16291,17820
12499,16302,17813
12502,16296,17801
12507,16296,17801
12510,16299,17820
12530,16315,17828
12532,16319,17850
12530,16342,17854
12527,16334,17862
12530,16342,17892
12540,16351,17918
12547,16366,17937
12544,16378,17942
12540,16373,17944
12534,16368,17938
12542,16381,17941
12541,16374,17937
12545,16379,17943
12710,16533,18106
12706,16540,18111
12709,16551,18118
12548,16385,17958
12557,16384,17968
12553,16402,17986
12552,16401,17976
12561,16395,17984
12709,16557,18139
12559,16407,17988
12560,16401,17988
12560,16393,17983
12559,16407,17989
12557,16405,17979
12563,16396,17985
12554,16402,17983
12555,16403,17977
12560,16393,17980
12556,16403,17986
12552,16400,17983
12715,16564,18138
12554,16388,17976
12556,16404,17986
12557,16405,17980
12723,16559,18147
12554,16394,17983
12554,16402,17982
12557,16408,17983
12563,16396,17985
12564,16411,17993
12557,16406,17981
12565,16398,17988
12550,16398,17980
12550,16398,17979
12558,16406,17980
12565,16397,17986
12558,16407,17987
12557,16405,17980
12561,16395,17984
12555,16406,17986
12552,16402,17983
12559,16399,17987
12556,16390,17979
12559,16406,17987
12556,16405,17979
12557,16390,17979
12554,16402,17983
12559,16407,17981
12558,16400,17988
12557,16404,17987
12554,16403,17985
12551,16400,17973
12560,16394,17985
12558,16407,17987
12556,16405,17979
12566,16400,17989
12550,16398,17980
12550,16398,17979
12553,16395,17983
12565,16400,17987
12557,16404,17986
12554,16404,17977
12562,16395,17984
12549,16398,17979
12552,16401,17982
12559,16400,17989
12557,16404,17987
12554,16401,17984
12556,16403,17978
12559,16392,17982
12550,16398,17979
12555,16402,17978
12567,16400,17990
12553,16402,17984
12559,16408,17989
12553,16395,17982
12561,16395,17983
12557,16405,17987
12553,16401,17976
12566,16399,17988
12554,16405,17984
12554,16403,17983
12705,16546,18134
12566,16400,17988
12554,16402,17983
12555,16403,17977
12715,16548,18137
12715,16563,18145
12556,16405,17987
12555,16404,17979
12560,16392,17983
12554,16402,17983
12714,16562,18136
12561,16394,17982
12556,16404,17985
12557,16404,17987
12565,16414,17989
12721,16554,18143
