Gen, Enc, Dec
8520,10410,11571
7708,10422,11672
7553,10271,11521
7546,10266,11516
7549,10268,11511
7557,10268,11510
7553,10265,11507
7555,10268,11510
7560,10272,11514
7553,10266,11509
7553,10264,11506
7555,10266,11509
7554,10267,11509
7555,10267,11510
7556,10268,11510
7556,10268,11511
7554,10267,11509
7558,10270,11513
7557,10269,11512
7546,10265,11508
7544,10263,11513
7548,10268,11517
7703,10422,11672
7704,10422,11672
7546,10264,11506
7556,10268,11511
7553,10265,11508
7559,10271,11512
7558,10270,11512
7554,10265,11510
7551,10263,11505
7554,10265,11508
7560,10272,11515
7556,10268,11511
7551,10263,11505
7709,10421,11664
7556,10268,11510
7550,10262,11505
7555,10266,11509
7549,10275,11511
7550,10269,11518
7705,10424,11674
7543,10261,11511
7549,10269,11510
7551,10264,11505
7556,10267,11510
7557,10270,11511
7559,10272,11513
7554,10266,11509
7556,10266,11510
7552,10264,11507
7557,10268,11510
7553,10265,11507
7557,10269,11511
7557,10269,11512
7556,10268,11511
7553,10265,11508
7558,10270,11512
7702,10428,11664
7551,10270,11519
7552,10271,11521
7547,10266,11515
7550,10269,11512
7555,10267,11511
7557,10268,11511
7554,10267,11509
7709,10420,11663
7555,10265,11509
7553,10264,11507
7559,10270,11514
7555,10266,11510
7556,10267,11511
7558,10269,11512
7553,10265,11507
7554,10266,11509
7551,10262,11505
7557,10269,11511
7544,10271,11506
7550,10268,11519
7550,10269,11518
7549,10266,11516
7551,10270,11513
7557,10268,11512
7557,10269,11511
7551,10264,11506
7554,10265,11508
7559,10270,11513
7557,10269,11512
7560,10271,11514
7555,10267,11510
7555,10267,11510
7552,10263,11505
7552,10266,11508
7558,10269,11512
7557,10269,11514
7547,10272,11508
7548,10267,11517
7549,10268,11517
7549,10266,11509
7551,10264,11505
7558,10269,11511
7556,10268,11511
7555,10268,11510
7556,10267,11510
7556,10267,11510
7556,10267,11510
7557,10267,11510
7554,10265,11509
7556,10267,11511
7557,10268,11511
7557,10269,11512
7553,10266,11507
7557,10269,11511
7549,10269,11519
7549,10268,11517
7549,10269,11518
7549,10267,11510
7553,10264,11507
7553,10266,11509
7556,10268,11511
7550,10261,11503
7554,10265,11508
7555,10265,11509
7557,10269,11511
7556,10268,11510
7558,10270,11512
7556,10267,11510
7559,10269,11513
7557,10267,11510
7713,10424,11667
7554,10265,11508
7558,10270,11512
7549,10268,11517
7551,10270,11520
7547,10267,11515
7546,10265,11508
7553,10264,11508
7557,10268,11510
7555,10267,11509
7710,10422,11665
7553,10264,11506
7556,10267,11510
7556,10268,11511
7557,10268,11511
7555,10267,11509
7553,10264,11507
7557,10269,11511
7557,10268,11510
7560,10272,11514
7551,10263,11506
7550,10276,11512
7550,10268,11518
7550,10269,11518
7552,10270,11514
7548,10267,11509
7563,10275,11518
7555,10267,11509
7557,10268,11511
7560,10271,11514
7556,10268,11511
7551,10263,11506
7555,10266,11510
7555,10266,11510
7553,10264,11507
7554,10265,11508
7552,10265,11507
7556,10267,11510
7558,10270,11513
7547,10273,11509
7543,10261,11511
7549,10268,11518
7552,10271,11513
7554,10266,11508
7555,10267,11509
7556,10269,11511
7553,10265,11508
7559,10270,11513
7555,10266,11509
7558,10270,11513
7555,10267,11509
7554,10266,11509
7557,10269,11512
7559,10272,11514
7559,10270,11513
7557,10269,11511
7553,10264,11507
7550,10268,11518
7545,10265,11514
7548,10267,11516
7550,10268,11513
7560,10272,11514
7555,10268,11510
7554,10266,11508
7559,10272,11513
7560,10271,11513
7559,10271,11514
7556,10267,11510
7556,10267,11510
7555,10268,11509
7556,10269,11511
7552,10264,11508
7550,10261,11504
7556,10267,11511
7555,10268,11510
7548,10266,11515
7549,10268,11518
7551,10270,11520
7551,10271,11515
7557,10268,11511
7557,10269,11512
7556,10267,11533
7555,10289,11543
7555,10301,11555
7557,10313,11545
7566,10299,11554
7576,10311,11565
7574,10320,11584
7591,10336,11602
7588,10333,11622
7608,10354,11653
7599,10357,11656
7755,10511,11812
7600,10357,11657
7601,10357,11656
7604,10360,11660
7602,10359,11658
7598,10355,11655
7596,10353,11653
7599,10357,11662
7594,10369,11665
7594,10373,11668
7597,10375,11682
7596,10374,11682
7594,10370,11676
7596,10368,11681
7601,10373,11690
7604,10379,11700
7607,10387,11704
7764,10541,11860
7609,10384,11704
7609,10384,11697
7608,10384,11699
7613,10382,11695
7616,10384,11697
7613,10380,11695
7621,10389,11701
7618,10387,11701
7616,10383,11697
7622,10390,11704
7617,10385,11699
7620,10388,11702
7618,10386,11700
7615,10383,11696
7614,10383,11696
7615,10382,11696
7624,10391,11705
7615,10384,11697
7618,10384,11699
7617,10384,11699
7614,10382,11697
7616,10385,11699
7617,10386,11700
7616,10384,11698
7617,10385,11699
7613,10380,11694
7615,10383,11696
7613,10381,11695
7614,10382,11696
7617,10386,11699
7613,10380,11694
7612,10380,11695
7618,10386,11699
7615,10383,11696
7619,10386,11700
7613,10381,11695
7616,10383,11697
7618,10385,11699
7616,10384,11698
7622,10391,11705
7769,10538,11851
7611,10380,11693
7616,10384,11698
7615,10383,11697
7605,10386,11694
7606,10388,11696
7603,10378,11699
7605,10384,11702
7609,10384,11705
7607,10381,11703
7611,10386,11707
7612,10386,11708
7606,10380,11701
7610,10384,11705
7608,10382,11703
7606,10382,11698
7619,10387,11700
7614,10383,11696
7619,10386,11700
7614,10382,11695
7612,10380,11694
7615,10383,11697
7613,10382,11694
7613,10381,11695
7614,10382,11695
7613,10381,11694
7611,10380,11693
7614,10381,11695
7771,10539,11852
7614,10384,11697
7614,10381,11696
7615,10381,11696
7617,10384,11698
7616,10384,11699
7616,10384,11698
7616,10384,11698
7616,10383,11698
7612,10380,11694
7619,10387,11701
7615,10382,11696
7616,10385,11698
7618,10386,11700
7619,10387,11701
7619,10387,11700
7772,10539,11853
7617,10386,11699
7615,10384,11697
7613,10381,11695
7615,10384,11698
7614,10383,11696
7615,10382,11696
7614,10383,11697
7615,10383,11697
7616,10384,11698
7613,10382,11695
7619,10387,11700
7616,10385,11698
7616,10384,11697
7616,10384,11698
7610,10392,11698
7613,10396,11701
7611,10387,11707
7609,10385,11704
7613,10388,11709
7606,10382,11702
7610,10385,11706
7607,10382,11703
7611,10386,11706
7611,10383,11705
7608,10383,11704
7612,10386,11702
7614,10382,11697
7617,10386,11698
7613,10381,11695
7615,10383,11697
7618,10386,11700
7621,10388,11702
7612,10380,11694
7617,10385,11698
7613,10382,11695
7620,10390,11702
7769,10538,11850
7616,10384,11697
7613,10381,11695
7612,10381,11694
7615,10383,11696
7615,10383,11696
7617,10383,11697
7616,10383,11698
7616,10383,11697
7613,10382,11696
7622,10389,11702
7616,10384,11698
7617,10385,11698
7617,10385,11699
7614,10382,11693
8519,10402,11569
7549,10268,11517
7546,10266,11516
7551,10271,11520
7552,10270,11516
7552,10264,11506
7556,10268,11511
7555,10267,11509
7554,10266,11508
7552,10263,11506
7557,10268,11511
7554,10267,11508
7557,10267,11511
7556,10268,11511
7557,10269,11512
7551,10263,11506
7718,10425,11668
7556,10268,11511
7556,10268,11511
7555,10266,11510
7552,10273,11521
7544,10264,11513
7553,10271,11520
7550,10268,11510
7555,10267,11510
7553,10264,11507
7555,10268,11510
7558,10270,11513
7554,10265,11508
7553,10264,11506
7560,10272,11515
7557,10267,11511
7555,10267,11510
7553,10263,11507
7558,10269,11513
7555,10266,11509
7553,10265,11507
7547,10273,11508
7551,10269,11519
7549,10267,11518
7557,10275,11524
7548,10267,11510
7555,10266,11508
7554,10265,11508
7556,10269,11511
7554,10266,11508
7557,10267,11511
7553,10265,11508
7552,10265,11507
7559,10270,11513
7556,10266,11509
7552,10263,11506
7557,10268,11511
7558,10270,11512
7553,10265,11507
7550,10276,11512
7547,10266,11515
7546,10266,11515
7549,10268,11511
7546,10266,11508
7554,10265,11509
7554,10265,11508
7555,10265,11509
7557,10269,11512
7558,10269,11511
7557,10267,11511
7555,10266,11509
7555,10266,11510
7556,10267,11510
7551,10263,11506
7556,10269,11512
7557,10268,11512
7556,10268,11511
7547,10266,11509
7546,10264,11515
7552,10271,11521
7547,10266,11508
7554,10266,11508
7554,10266,11509
7556,10268,11511
7556,10268,11510
7551,10261,11504
7555,10267,11510
7556,10266,11510
7555,10267,11510
7557,10267,11511
7560,10271,11514
7553,10264,11507
7556,10266,11510
7557,10268,11511
7557,10269,11512
7549,10268,11516
7554,10272,11522
7550,10270,11519
7548,10266,11511
7559,10272,11513
7552,10265,11507
7557,10268,11511
7557,10267,11511
7557,10268,11511
7559,10270,11513
7554,10265,11508
7557,10269,11511
7712,10424,11666
7553,10266,11508
7554,10265,11509
7556,10266,11508
7552,10264,11507
7554,10266,11508
7546,10272,11508
7551,10273,11519
7547,10267,11516
7550,10269,11519
7549,10268,11510
7556,10267,11509
7557,10269,11511
7554,10265,11508
7557,10269,11511
7558,10268,11511
7556,10267,11510
7553,10266,11508
7557,10267,11511
7557,10268,11510
7554,10266,11509
7552,10263,11506
7557,10268,11510
7558,10270,11512
7545,10271,11506
7550,10268,11518
7547,10266,11516
7548,10266,11508
7542,10260,11504
7549,10261,11503
7558,10270,11512
7557,10268,11511
7560,10273,11515
7558,10269,11512
7556,10267,11510
7555,10267,11509
7710,10421,11663
7554,10265,11508
7557,10269,11511
7555,10268,11511
7553,10266,11508
7559,10273,11514
7556,10268,11511
7548,10266,11516
7546,10265,11515
7550,10269,11518
7550,10270,11515
7557,10269,11511
7557,10269,11512
7554,10266,11509
7556,10268,11510
7558,10269,11512
7553,10264,11508
7556,10266,11510
7555,10267,11509
7556,10269,11512
7555,10266,11508
7556,10268,11510
7553,10264,11507
7552,10264,11507
7553,10266,11508
7549,10267,11517
7549,10268,11517
7544,10264,11512
7547,10266,11509
7556,10266,11508
7553,10265,11508
7558,10270,11513
7552,10264,11506
7559,10270,11513
7556,10267,11510
7557,10268,11511
7560,10271,11513
7553,10264,11507
7554,10267,11510
7556,10265,11508
7556,10268,11511
7558,10270,11513
7548,10266,11511
7547,10268,11515
7548,10268,11517
7544,10263,11513
7547,10266,11508
7552,10264,11506
7560,10271,11514
7551,10264,11506
7558,10269,11512
7555,10266,11509
7713,10424,11668
7556,10267,11510
7551,10264,11506
7556,10267,11509
7555,10267,11509
7553,10264,11507
7555,10268,11509
7557,10269,11512
7557,10269,11514
7551,10277,11511
7704,10424,11672
7544,10263,11513
7545,10263,11513
7552,10272,11515
7559,10270,11513
7550,10262,11505
7712,10423,11666
7711,10423,11665
7556,10268,11509
7551,10263,11528
7558,10293,11547
7557,10302,11556
7707,10463,11695
7566,10299,11554
7576,10310,11565
7733,10479,11744
7590,10336,11602
7588,10334,11622
7598,10344,11644
7601,10357,11657
7603,10360,11660
7599,10357,11657
7599,10356,11657
7599,10357,11656
7602,10358,11658
7602,10360,11660
7604,10361,11664
7588,10359,11655
7593,10369,11664
7592,10366,11674
7596,10371,11681
7594,10372,11680
7596,10371,11678
7603,10376,11688
7609,10378,11696
7606,10381,11704
7604,10383,11696
7622,10389,11703
7613,10381,11695
7614,10382,11695
7619,10387,11702
7615,10383,11697
7611,10379,11693
7613,10383,11696
7615,10383,11697
7613,10382,11695
7613,10381,11694
7618,10386,11700
7619,10386,11700
7617,10383,11698
7614,10383,11696
7616,10382,11696
7616,10383,11697
7616,10383,11698
7618,10385,11700
7623,10390,11705
7616,10384,11698
7615,10383,11698
7615,10383,11697
7621,10388,11702
7616,10383,11697
7615,10383,11697
7619,10387,11701
7618,10386,11700
7617,10385,11698
7616,10383,11697
7614,10383,11696
7614,10382,11696
7616,10383,11698
7615,10383,11697
7609,10376,11691
7615,10383,11697
7614,10383,11696
7614,10382,11695
7611,10380,11693
7616,10385,11699
7606,10388,11694
7608,10391,11698
7609,10385,11705
7606,10383,11701
7605,10381,11701
7611,10385,11706
7611,10386,11706
7607,10383,11704
7613,10387,11707
7609,10384,11704
7607,10383,11703
7612,10388,11703
7613,10381,11694
7620,10388,11701
7617,10384,11698
7771,10538,11852
7616,10385,11697
7619,10387,11701
7619,10386,11699
7615,10383,11696
7618,10386,11699
7613,10382,11696
7617,10385,11698
7615,10383,11696
7615,10384,11697
7773,10540,11854
7613,10381,11695
7615,10383,11697
7614,10382,11696
7617,10384,11698
7611,10378,11692
7615,10382,11697
7620,10388,11702
7616,10384,11698
7615,10383,11696
7618,10385,11700
7619,10388,11701
7616,10385,11698
7614,10382,11695
7616,10383,11697
7618,10386,11700
7614,10383,11696
7611,10380,11693
7619,10386,11700
7617,10385,11698
7614,10383,11697
7618,10385,11699
7617,10385,11699
7619,10386,11700
7611,10379,11693
7614,10381,11695
7615,10382,11697
7614,10382,11695
7618,10387,11700
7617,10384,11701
7610,10384,11698
7607,10390,11696
7609,10393,11698
7607,10385,11703
7611,10386,11706
7605,10380,11701
7610,10386,11706
7609,10384,11705
7609,10384,11704
7611,10384,11705
7609,10385,11705
7607,10381,11695
7611,10386,11702
7609,10378,11691
7615,10383,11696
7622,10390,11704
7618,10386,11700
7613,10382,11694
7614,10382,11696
7618,10387,11700
7613,10381,11695
7620,10388,11701
7611,10380,11693
7619,10386,11700
7618,10385,11698
7613,10380,11695
7617,10383,11698
7615,10382,11697
7618,10385,11699
7616,10385,11699
7613,10380,11693
7613,10382,11696
7618,10387,11701
7610,10378,11693
7615,10383,11697
7615,10382,11696
7611,10380,11693
7616,10384,11697
7615,10382,11696
7615,10383,11697
7612,10380,11693
7615,10385,11697
7616,10384,11696
8518,10401,11568
7552,10270,11521
7549,10268,11518
7547,10265,11515
7546,10265,11509
7554,10267,11509
7551,10263,11505
7559,10271,11513
7558,10271,11513
7558,10269,11511
7556,10268,11512
7557,10267,11511
7553,10266,11509
7555,10266,11509
7554,10265,11508
7556,10268,11511
7556,10266,11510
7558,10269,11512
7556,10268,11510
7548,10267,11516
7547,10266,11517
7548,10267,11516
7546,10265,11507
7557,10268,11510
7554,10265,11508
7554,10265,11508
7550,10262,11504
7556,10267,11510
7560,10271,11515
7556,10268,11511
7553,10265,11508
7556,10268,11511
7556,10266,11510
7559,10271,11514
7555,10266,11509
7560,10272,11515
7555,10267,11510
7548,10268,11518
7552,10270,11520
7551,10270,11519
7552,10271,11513
7555,10267,11510
7555,10267,11510
7555,10267,11509
7558,10271,11512
7558,10269,11513
7555,10266,11510
7556,10267,11511
7555,10267,11510
7558,10270,11512
7557,10268,11511
7556,10266,11509
7558,10270,11514
7555,10268,11510
7549,10275,11513
7548,10269,11517
7549,10268,11518
7552,10271,11521
7543,10263,11505
7561,10273,11515
7552,10264,11506
7555,10268,11509
7557,10269,11512
7558,10269,11512
7558,10269,11512
7555,10266,11508
7559,10271,11514
7561,10271,11515
7556,10268,11510
7554,10266,11509
7555,10266,11509
7557,10269,11512
7550,10276,11511
7548,10270,11517
7550,10269,11519
7554,10272,11522
7554,10273,11515
7558,10271,11512
7560,10271,11514
7554,10266,11509
7557,10269,11511
7716,10423,11666
7557,10269,11512
7555,10266,11509
7557,10268,11511
7554,10265,11508
7552,10264,11505
7556,10267,11511
7552,10265,11505
7553,10265,11508
7557,10268,11514
7704,10430,11666
7548,10267,11517
7549,10267,11518
7547,10267,11515
7549,10268,11511
7557,10269,11511
7556,10269,11511
7551,10262,11505
7555,10266,11509
7557,10267,11510
7555,10267,11511
7554,10265,11508
7554,10266,11508
7561,10272,11514
7549,10261,11503
7557,10269,11511
7558,10270,11513
7557,10268,11511
7557,10268,11511
7545,10264,11514
7552,10271,11521
7551,10271,11520
7551,10270,11514
7552,10263,11506
7562,10274,11517
7557,10268,11512
7559,10271,11514
7554,10264,11506
7556,10267,11511
7556,10267,11509
7555,10267,11510
7557,10268,11511
7553,10265,11507
7556,10269,11511
7554,10266,11508
7556,10269,11510
7558,10270,11513
7547,10266,11516
7549,10268,11519
7552,10270,11519
7702,10422,11673
7547,10267,11510
7554,10265,11508
7553,10264,11506
7552,10264,11507
7557,10268,11511
7713,10423,11667
7561,10271,11515
7556,10267,11511
7553,10265,11508
7557,10268,11511
7555,10266,11509
7554,10267,11509
7555,10268,11510
7554,10266,11509
7552,10265,11510
7547,10273,11508
7548,10268,11517
7548,10266,11517
7551,10270,11512
7557,10268,11510
7553,10266,11508
7556,10269,11510
7553,10265,11508
7560,10270,11513
7557,10267,11511
7556,10267,11511
7558,10268,11512
7555,10266,11508
7556,10268,11511
7557,10269,11512
7557,10268,11511
7555,10267,11508
7554,10267,11509
7708,10433,11668
7548,10266,11515
7549,10267,11518
7548,10266,11516
7547,10266,11511
7556,10268,11509
7556,10268,11510
7556,10267,11511
7552,10265,11506
7555,10266,11508
7557,10269,11512
7555,10267,11510
7556,10267,11510
7556,10267,11509
7555,10267,11509
7556,10267,11510
7557,10269,11512
7557,10270,11513
7553,10264,11508
7547,10266,11515
7550,10269,11519
7550,10269,11519
7548,10268,11509
7551,10263,11506
7554,10265,11509
7562,10274,11516
7553,10265,11508
7558,10270,11514
7555,10267,11509
7559,10270,11514
7558,10270,11513
7556,10267,11510
7554,10265,11508
7555,10265,11508
7556,10268,11510
7557,10269,11512
7545,10269,11505
7551,10272,11519
7550,10269,11520
7545,10264,11513
7545,10265,11507
7553,10264,11507
7556,10267,11511
7558,10270,11513
7554,10265,11507
7552,10263,11528
7559,10293,11547
7553,10297,11552
7555,10313,11544
7565,10299,11554
7582,10316,11569
7577,10323,11587
7587,10334,11598
7593,10339,11627
7599,10345,11646
7600,10357,11656
7600,10359,11657
7755,10512,11812
7605,10362,11665
7597,10368,11661
7596,10367,11660
7599,10366,11670
7594,10358,11665
7592,10357,11667
7594,10363,11673
7595,10368,11677
7594,10369,11678
7594,10373,11673
7604,10373,11671
7604,10370,11675
7615,10380,11690
7613,10380,11694
7611,10383,11693
7618,10386,11699
7611,10380,11694
7612,10380,11693
7614,10382,11696
7617,10385,11698
7614,10384,11696
7616,10384,11697
7616,10382,11697
7616,10384,11697
7615,10382,11697
7621,10387,11702
7615,10384,11698
