Gen, Sign, Ver
1457407, 35438515, 2356882
1455775, 35438661, 2380218
1455779, 35438448, 2305385
1455772, 35438458, 2380131
1455836, 35438570, 2366077
1455943, 35438682, 2384783
1455811, 35438405, 2370869
1455705, 35438293, 2412818
1455742, 35437981, 2333413
1455745, 35438581, 2286716
1455714, 35438351, 2314710
1455787, 35438601, 2370838
1455746, 35438826, 2356787
1455736, 35438714, 2370772
1455784, 35438797, 2366203
1455832, 35438049, 2328638
1455814, 35438505, 2319333
1455701, 35438705, 2370844
1455826, 35438397, 2370723
1455719, 35438770, 2403541
1455805, 35438553, 2356805
1455727, 35438402, 2403590
1455797, 35438390, 2380170
1455857, 35438819, 2244558
1455740, 35438713, 2272663
1455755, 35438565, 2253887
1455768, 35438692, 2314760
1455808, 35438295, 2314703
1455791, 35438516, 2380201
1455790, 35438323, 2319287
1455738, 35438506, 2324113
1455719, 35438745, 2272603
1455816, 35438627, 2347480
1455809, 35438699, 2319390
1455749, 35438708, 2338064
1455793, 35438347, 2370858
1455731, 35438524, 2366174
1455680, 35438122, 2394226
1455726, 35438700, 2300624
1455732, 35438613, 2361391
1455907, 35438408, 2352093
1455833, 35438687, 2431566
1455774, 35438341, 2268041
1455728, 35438573, 2314721
1455823, 35438529, 2361459
1455768, 35438529, 2291383
1455850, 35438380, 2267931
1455834, 35438601, 2366201
1455713, 35438551, 2431638
1455706, 35438766, 2403675
1455749, 35438629, 2352109
1455738, 35438212, 2314685
1455734, 35439002, 2295989
1455785, 35438374, 2347374
1455685, 35438266, 2375482
1455759, 35438840, 2324064
1455799, 35438244, 2352156
1455760, 35438709, 2300697
1455784, 35438476, 2342679
1455754, 35438555, 2310063
1455718, 35438376, 2361461
1455833, 35438573, 2398849
1455685, 35438584, 2356787
1455816, 35438634, 2389528
1455739, 35438728, 2281902
1455767, 35438578, 2389615
1455766, 35438509, 2337985
1455851, 35438461, 2310032
1455745, 35438525, 2342728
1455757, 35438537, 2314660
1455839, 35438784, 2333412
1455799, 35438612, 2324053
1455825, 35438438, 2398868
1455797, 35438543, 2333408
1455791, 35438576, 2342741
1455783, 35438967, 2403512
1455822, 35438642, 2422284
1455831, 35438533, 2380212
1455855, 35438523, 2356779
1455784, 35438626, 2342764
1455888, 35438536, 2328716
1455817, 35438293, 2286679
1455751, 35438343, 2361409
1455759, 35438242, 2342836
1455734, 35438717, 2272701
1455877, 35438286, 2361417
1455727, 35438360, 2291211
1455767, 35438588, 2375372
1455784, 35438770, 2291273
1455717, 35438749, 2403462
1455800, 35438174, 2426903
1455719, 35438418, 2375571
1455696, 35438463, 2375444
1455838, 35438483, 2309947
1455817, 35438666, 2333404
1455791, 35438839, 2333472
1455884, 35438513, 2333448
1455719, 35438534, 2319409
1455851, 35438257, 2328786
1455780, 35438558, 2394256
1455778, 35438172, 2375499
1455769, 35438219, 2412879
1455908, 35438345, 2310032
1455792, 35438676, 2328785
1455733, 35438661, 2356862
1455752, 35438768, 2342784
1455776, 35438647, 2319422
1455742, 35438453, 2328760
1455775, 35438840, 2239869
1455776, 35438397, 2328779
1455759, 35438727, 2398993
1455855, 35438909, 2305333
1455803, 35438383, 2370764
1455778, 35438303, 2277317
1455762, 35438495, 2431664
1455716, 35438490, 2394197
1455797, 35438777, 2366142
1455758, 35438649, 2244480
1455753, 35438498, 2333381
1455806, 35438650, 2338003
1455819, 35438556, 2356675
1455732, 35438456, 2328679
1455791, 35438444, 2342845
1455751, 35438196, 2361521
1455798, 35438546, 2342785
1455784, 35439001, 2342773
1455795, 35438400, 2300688
1455690, 35438658, 2305351
1455931, 35438598, 2352112
1455839, 35438568, 2426952
1455744, 35438723, 2328618
1455755, 35438478, 2300711
1455714, 35438414, 2338077
1455748, 35438607, 2398801
1455715, 35438725, 2286630
1455751, 35438386, 2338045
1455752, 35438684, 2347430
1455740, 35438480, 2366080
1455748, 35438676, 2389517
1455767, 35438508, 2253974
1455681, 35438283, 2352100
1455667, 35438585, 2305383
1455742, 35438369, 2342787
1455856, 35438648, 2333400
1455790, 35438488, 2459616
1455786, 35438845, 2338056
1455744, 35438411, 2342756
1455801, 35438723, 2412965
1455802, 35438581, 2347441
1455770, 35438402, 2384924
1455735, 35438651, 2314726
1455790, 35438346, 2356822
1455825, 35438657, 2300645
1455810, 35438543, 2324110
1455739, 35438934, 2314780
1455741, 35438482, 2328728
1455767, 35438448, 2319446
1455891, 35438153, 2352086
1455750, 35438380, 2305367
1455699, 35438532, 2361538
1455807, 35438751, 2258583
1455772, 35438623, 2366119
1455771, 35438455, 2361464
1455726, 35438442, 2324018
1455722, 35438805, 2300671
1455778, 35438516, 2319477
1455705, 35438358, 2366092
1455873, 35438491, 2333334
1455747, 35438801, 2361439
1455793, 35438696, 2384734
1455740, 35438768, 2361533
1455748, 35438536, 2370814
1455799, 35438262, 2352052
1455774, 35438548, 2282077
1455699, 35438672, 2389492
1455756, 35438698, 2333430
1455713, 35438585, 2394144
1455826, 35438802, 2324087
1455823, 35438524, 2366236
1455772, 35438553, 2338043
1455728, 35438694, 2417600
1455733, 35438521, 2370803
1455831, 35438592, 2328722
1455789, 35438393, 2412890
1455723, 35438659, 2277253
1455762, 35438573, 2319356
1455799, 35438567, 2324092
1455720, 35438529, 2412980
1455912, 35438480, 2333392
1455784, 35438608, 2356743
1455769, 35438428, 2296023
1455807, 35438888, 2281890
1455775, 35438387, 2347411
1455736, 35438072, 2408228
1455712, 35438560, 2295973
1455772, 35438572, 2352137
1455779, 35438428, 2384871
1455805, 35438410, 2366095
1455768, 35438291, 2300613
1455773, 35438177, 2338099
1455774, 35438783, 2314723
1455722, 35438781, 2431744
1455785, 35438584, 2328625
1455853, 35438713, 2375483
1455790, 35438574, 2366094
1455838, 35438617, 2305339
1455781, 35438315, 2403554
1455755, 35438377, 2352071
1455720, 35438195, 2291323
1455710, 35438354, 2361522
1455768, 35438739, 2422162
1455816, 35438481, 2380180
1455747, 35438663, 2347443
1455752, 35438608, 2281943
1455693, 35438530, 2296072
1455809, 35438177, 2422304
1455753, 35438680, 2413005
1455785, 35438400, 2328715
1455743, 35438614, 2333446
1455794, 35438695, 2366159
1455862, 35438659, 2398894
1455757, 35438795, 2319380
1455762, 35438455, 2356768
1455750, 35438399, 2431689
1455800, 35438786, 2295923
1455787, 35438506, 2370784
1455777, 35438617, 2366166
1455852, 35438499, 2291329
1455702, 35438647, 2282007
1455754, 35438487, 2328733
1455724, 35438795, 2314702
1455752, 35438423, 2370723
1455743, 35438331, 2253978
1455838, 35438689, 2338127
1455729, 35438641, 2296066
1455736, 35438714, 2338076
1455761, 35438309, 2384783
1455888, 35438560, 2352050
1455805, 35438264, 2347459
1455800, 35438557, 2370848
1455813, 35438521, 2375482
1455876, 35438698, 2445682
1455705, 35438464, 2338071
1455805, 35438547, 2328790
1455727, 35438370, 2333455
1455770, 35438708, 2328700
1455787, 35438553, 2286559
1455700, 35438218, 2281958
1455707, 35438403, 2450323
1455732, 35438704, 2347418
1455743, 35438586, 2342739
1455812, 35438581, 2361420
1455813, 35438435, 2384898
1455776, 35438495, 2286660
1455845, 35438518, 2305373
1455714, 35438560, 2384856
1455752, 35438465, 2347489
1455737, 35438391, 2361464
1455739, 35438585, 2277229
1455786, 35438460, 2352169
1455784, 35438677, 2319337
1455698, 35438488, 2398831
1455758, 35438277, 2380284
1455759, 35438667, 2394176
1455824, 35438251, 2272658
1455747, 35438445, 2328734
1455746, 35438635, 2272644
1455755, 35438442, 2342658
1455817, 35438451, 2319373
1455717, 35438397, 2314664
1455727, 35438539, 2352116
1455766, 35438496, 2319408
1455739, 35438795, 2333412
1455789, 35438479, 2347455
1455806, 35438547, 2281885
1455775, 35438644, 2328666
1455687, 35438499, 2366190
1455686, 35438596, 2291302
1455838, 35438674, 2314737
1455681, 35438477, 2375518
1455801, 35438255, 2347376
1455834, 35438483, 2342776
1455718, 35438375, 2394138
1455747, 35438592, 2398862
1455739, 35439020, 2389602
1455701, 35438777, 2352125
1455777, 35438452, 2282001
1455912, 35438447, 2412902
1455715, 35438623, 2389648
1455795, 35438689, 2361473
1455826, 35438352, 2295915
1455766, 35438366, 2319468
1455721, 35438712, 2239913
1455701, 35438705, 2380156
1455783, 35438297, 2403591
1455805, 35438747, 2305321
1455836, 35438437, 2324037
1455864, 35438381, 2361463
1455774, 35438458, 2286655
1455728, 35438458, 2445620
1455771, 35438621, 2338150
1455735, 35438496, 2239893
1455778, 35438537, 2300615
1455723, 35438804, 2309915
1455758, 35438621, 2305299
1455779, 35438779, 2398869
1455751, 35438677, 2286721
1455737, 35438416, 2258560
1455773, 35438588, 2375528
1455796, 35438121, 2310096
1455834, 35438743, 2366030
1455792, 35438594, 2356821
1455750, 35438641, 2389454
1455754, 35438288, 2258512
1455827, 35438756, 2384840
1455814, 35438604, 2319320
1455831, 35438434, 2384855
1455760, 35438404, 2389563
1455915, 35438581, 2286610
1455722, 35438466, 2314735
1455790, 35438562, 2319341
1455733, 35438476, 2268018
1455809, 35438622, 2352233
1455731, 35438315, 2361530
1455765, 35438606, 2352038
1455746, 35438509, 2310051
1455745, 35438559, 2300699
1455786, 35438457, 2389576
1455719, 35438769, 2370923
1455807, 35438513, 2277193
1455718, 35438668, 2338121
1455698, 35438426, 2333397
1455749, 35438527, 2356689
1455795, 35438532, 2291260
1455854, 35438297, 2361583
1455743, 35438667, 2408210
1455811, 35438778, 2356835
1455827, 35438435, 2300575
1455775, 35438579, 2384824
1455699, 35438237, 2328656
1455795, 35438506, 2305367
1455778, 35438511, 2352095
1455770, 35438694, 2352051
1455720, 35438924, 2342720
1455761, 35438579, 2258556
1455702, 35438662, 2370843
1455684, 35438411, 2328788
1455759, 35438499, 2263196
1455728, 35438373, 2333489
1455756, 35438796, 2394192
1455807, 35438280, 2300675
1455754, 35438551, 2389629
1455901, 35438722, 2328646
1455799, 35438303, 2310085
1455791, 35438571, 2305389
1455826, 35438786, 2352048
1455715, 35438877, 2361456
1455712, 35438524, 2417627
1455697, 35438440, 2347422
1455741, 35438521, 2366048
1455736, 35438576, 2254073
1455786, 35438620, 2361563
1455698, 35438649, 2361381
1455745, 35438435, 2319428
1455778, 35438584, 2352134
1455771, 35438513, 2286660
1455742, 35438675, 2347540
1455778, 35438408, 2333378
1455761, 35438444, 2384878
1455761, 35438656, 2300638
1455766, 35438473, 2366249
1455711, 35438839, 2366184
1455753, 35438670, 2380183
1455777, 35438157, 2225884
1455773, 35438787, 2361437
1455724, 35438730, 2389573
1455750, 35438601, 2394183
1455737, 35438615, 2333275
1455786, 35438485, 2342758
1455781, 35438632, 2375491
1455800, 35438836, 2375617
1455707, 35438536, 2408246
1455801, 35438461, 2328628
1455701, 35438638, 2314796
1455782, 35438658, 2408150
1455780, 35438455, 2389648
1455756, 35438204, 2366159
1455870, 35438590, 2375504
1455738, 35438702, 2337977
1455826, 35438805, 2282033
1455798, 35438268, 2281972
1455858, 35438816, 2314816
1455743, 35438522, 2267964
1455795, 35438439, 2389503
1455760, 35438521, 2389602
1455785, 35438686, 2361406
1455796, 35438406, 2337986
1455758, 35438513, 2422302
1455795, 35438526, 2263166
1455738, 35438492, 2342801
1455774, 35438545, 2356740
1455682, 35438346, 2352125
1455876, 35438652, 2375540
1455784, 35438615, 2352152
1455789, 35438443, 2464309
1455857, 35438634, 2338062
1455742, 35438832, 2314676
1455668, 35438534, 2333310
1455816, 35438564, 2366185
1455729, 35438647, 2403559
1455766, 35438634, 2427068
1455749, 35438719, 2352133
1455840, 35438727, 2347480
1455741, 35438727, 2366226
1455694, 35438472, 2431618
1455712, 35438603, 2347387
1455746, 35438482, 2342694
1455769, 35438547, 2356758
1455755, 35438774, 2281874
1455769, 35438526, 2361438
1455757, 35438725, 2347382
1455762, 35438769, 2408215
1455799, 35438869, 2296006
1455786, 35438392, 2338007
1455835, 35438641, 2347378
1455748, 35438478, 2361468
1455707, 35438516, 2319358
1455722, 35438177, 2314748
1455774, 35438633, 2310013
1455732, 35438926, 2380068
1455747, 35438315, 2305377
1455728, 35438414, 2324124
1455841, 35438660, 2258452
1455720, 35438369, 2338114
1455773, 35438677, 2328778
1455809, 35438238, 2384883
1455802, 35438467, 2338145
1455852, 35438504, 2426965
1455773, 35438697, 2347495
1455782, 35438462, 2370784
1455745, 35438510, 2361525
1455711, 35438620, 2356818
1455734, 35438783, 2328814
1455823, 35438583, 2427014
1455824, 35438337, 2370902
1455857, 35438038, 2384851
1455739, 35438701, 2394147
1455816, 35438440, 2361496
1455791, 35438465, 2394198
1455815, 35438557, 2417639
1455751, 35438962, 2366140
1455848, 35438786, 2337962
1455780, 35438361, 2347566
1455789, 35438590, 2272591
1455761, 35438482, 2384746
1455745, 35438658, 2309978
1455784, 35438621, 2310055
1455774, 35438784, 2319349
1455719, 35438178, 2403497
1455814, 35438787, 2356868
1455781, 35438654, 2352114
1455691, 35438549, 2338046
1455740, 35438572, 2361589
1455762, 35438469, 2282054
1455775, 35438649, 2384837
1455835, 35438679, 2347468
1455754, 35438512, 2347418
1455772, 35438616, 2366094
1455753, 35438586, 2324094
1455675, 35438388, 2370943
1455768, 35438465, 2338065
1455839, 35438286, 2426892
1455824, 35438242, 2258541
1455782, 35438648, 2305332
1455798, 35438456, 2305355
1455795, 35438303, 2342765
1455718, 35438471, 2314681
1455744, 35438696, 2333375
1455767, 35438455, 2403530
1455748, 35438520, 2412894
1455831, 35438360, 2347358
1455835, 35438625, 2310128
1455733, 35438220, 2417628
1455810, 35438431, 2408219
1455743, 35438709, 2328644
1455722, 35438522, 2366145
1455774, 35438499, 2291276
1455811, 35438549, 2342787
1455809, 35438582, 2403551
1455768, 35438491, 2333449
1455757, 35438258, 2375442
1455818, 35438756, 2319394
1455825, 35438610, 2324075
1455730, 35438581, 2403559
1455760, 35438293, 2342789
1455779, 35438435, 2328690
1455872, 35438113, 2352146
1455735, 35438435, 2305338
1455775, 35438406, 2286713
1455803, 35438656, 2417588
1455702, 35438124, 2277260
1455810, 35438106, 2324084
1455703, 35438497, 2333425
1455794, 35438511, 2375451
1455700, 35438527, 2356795
1455774, 35438568, 2398949
1455737, 35439006, 2342796
1455779, 35438810, 2422289
1455730, 35438740, 2309984
1455751, 35438882, 2342782
1455762, 35438576, 2338103
1455735, 35438713, 2333420
1455789, 35438231, 2370816
1455755, 35438525, 2347390
1455766, 35438637, 2366099
1455754, 35438432, 2286671
1455786, 35438473, 2235118
1455730, 35438233, 2347369
1455747, 35438325, 2375524
1455761, 35438697, 2300674
1455769, 35438789, 2427016
1455718, 35438697, 2338048
1455789, 35438519, 2356827
1455715, 35438400, 2319437
1455719, 35438581, 2310056
1455769, 35438506, 2403525
1455783, 35438297, 2380132
1455730, 35438617, 2305344
1455671, 35438369, 2333421
1455796, 35438669, 2324053
1455635, 35438481, 2389595
1455881, 35438668, 2384854
1455763, 35438593, 2380108
1455793, 35438633, 2323999
1455810, 35438699, 2244544
1455818, 35438745, 2361485
1455771, 35438688, 2338107
1455761, 35438693, 2394147
1455755, 35438639, 2328752
1455778, 35438440, 2282686
1455742, 35438599, 2370885
1455789, 35438412, 2272569
1455800, 35438538, 2286700
1455872, 35438636, 2291301
1455779, 35438581, 2324118
1455759, 35438434, 2375502
1455763, 35438417, 2398921
1455825, 35438456, 2310001
1455842, 35438484, 2263276
1455815, 35438753, 2328721
1455820, 35438718, 2328683
1455706, 35438524, 2403512
1455784, 35438579, 2263238
1455743, 35438238, 2249201
1455722, 35438749, 2370690
1455709, 35438402, 2253875
1455786, 35438647, 2305385
1455701, 35438533, 2356819
1455781, 35438504, 2412988
1455770, 35438326, 2286655
1455766, 35438309, 2361487
1455798, 35438495, 2324087
1455836, 35438584, 2422199
1455754, 35438506, 2235217
1455833, 35438538, 2380167
1455794, 35438737, 2314763
1455779, 35438456, 2375558
1455824, 35438376, 2342713
1455893, 35438837, 2356803
1455859, 35438276, 2324001
1455726, 35438505, 2310063
1455794, 35438533, 2263240
1455741, 35438303, 2394185
1455804, 35438607, 2361560
1455714, 35438404, 2272653
1455735, 35438531, 2375494
1455738, 35438763, 2309999
1455761, 35438533, 2356838
1455767, 35438521, 2267887
1455791, 35438717, 2389539
1455773, 35438582, 2347446
1455726, 35438411, 2338103
1455799, 35438583, 2380128
1455710, 35438601, 2310062
1455763, 35438647, 2305325
1455824, 35438699, 2408252
1455782, 35439037, 2300712
1455778, 35438453, 2263343
1455789, 35438485, 2431533
1455804, 35438375, 2281922
1455707, 35438325, 2375538
1455721, 35438693, 2408186
1455766, 35438118, 2352022
1455765, 35438767, 2338099
1455686, 35438563, 2347440
1455796, 35438754, 2361441
1455805, 35438695, 2328728
1455739, 35438314, 2347384
1455793, 35438399, 2356667
1455803, 35438533, 2277352
1455724, 35438594, 2319443
1455784, 35438509, 2333415
1455756, 35438383, 2338115
1455799, 35438814, 2352223
1455699, 35438723, 2366105
1455804, 35438431, 2352126
1455791, 35438758, 2277263
1455731, 35438556, 2412962
1455762, 35438359, 2366135
1455875, 35438714, 2347379
1455791, 35438643, 2333438
1455824, 35438773, 2380168
1455795, 35438358, 2431626
1455802, 35438716, 2319370
1455852, 35438459, 2403606
1455809, 35438532, 2342714
1455823, 35438580, 2366170
1455730, 35438647, 2473667
1455823, 35438637, 2347432
1455731, 35438261, 2263268
1455778, 35438352, 2394149
1455713, 35438452, 2338002
1455734, 35438500, 2361478
1455774, 35438966, 2431506
1455778, 35438566, 2366157
1455753, 35438567, 2370886
1455797, 35438473, 2319414
1455760, 35438290, 2291303
1455701, 35438680, 2300631
1455759, 35438361, 2305401
1455774, 35438725, 2398847
1455879, 35438763, 2319372
1455736, 35438311, 2305288
1455758, 35438578, 2347447
1455784, 35438613, 2305415
1455747, 35438420, 2394164
1455752, 35438550, 2309991
1455769, 35438470, 2394215
1455793, 35438526, 2342761
1455771, 35438324, 2366077
1455820, 35438491, 2324016
1455744, 35438485, 2361432
1455749, 35438483, 2347451
1455778, 35438349, 2305338
1455803, 35438649, 2361482
1455772, 35438497, 2263214
1455780, 35438307, 2338113
1455754, 35438256, 2403558
1455812, 35438491, 2342777
1455737, 35438745, 2281967
1455778, 35438415, 2338154
1455783, 35438633, 2356692
1455800, 35438837, 2338074
1455750, 35438321, 2394222
1455806, 35438463, 2384908
1455732, 35438534, 2370831
1455788, 35438670, 2356796
1455746, 35438724, 2263291
1455857, 35438575, 2272619
1455750, 35438587, 2399004
1455769, 35438345, 2352232
1455739, 35438411, 2230493
1455801, 35438734, 2412883
1455739, 35438274, 2356787
1455758, 35438445, 2366128
1455795, 35438493, 2356862
1455796, 35438616, 2366179
1455727, 35438679, 2286634
1455785, 35438413, 2398977
1455792, 35438602, 2403538
1455802, 35438437, 2366112
1455765, 35438686, 2417555
1455701, 35438532, 2403598
1455731, 35438469, 2361424
1455712, 35438603, 2328785
1455747, 35438796, 2455009
1455734, 35438489, 2352048
1455757, 35438467, 2328646
1455884, 35438624, 2305335
1455782, 35438802, 2338025
1455777, 35438230, 2487875
1455690, 35438351, 2342637
1455739, 35438559, 2384806
1455753, 35438387, 2403550
1455822, 35438815, 2310087
1455720, 35438502, 2384842
1455821, 35438457, 2333448
1455732, 35438643, 2328654
1455793, 35438509, 2328711
1455855, 35438301, 2291325
1455768, 35438527, 2352119
1455823, 35438553, 2352035
1455755, 35438589, 2338139
1455772, 35438569, 2347386
1455776, 35438602, 2324044
1455727, 35438219, 2347472
1455707, 35438620, 2295976
1455714, 35438890, 2422336
1455763, 35438400, 2351976
1455710, 35438692, 2295980
1455734, 35438545, 2319380
1455823, 35438386, 2422197
1455733, 35438712, 2380196
1455775, 35438692, 2267855
1455744, 35438936, 2389440
1455740, 35438575, 2389555
1455762, 35438438, 2352124
1455763, 35438426, 2398949
1455884, 35438674, 2295996
1455766, 35438596, 2305359
1455748, 35438554, 2342795
1455747, 35438601, 2356767
1455827, 35438327, 2431641
1455732, 35438583, 2310074
1455735, 35438589, 2328703
1455795, 35439052, 2324084
1455805, 35438574, 2244613
1455830, 35438866, 2394180
1455739, 35438489, 2267820
1455824, 35438677, 2398829
1455793, 35438468, 2403595
1455760, 35438450, 2319387
1455845, 35438506, 2314634
1455716, 35438462, 2445604
1455876, 35438631, 2328801
1455800, 35438429, 2394188
1455785, 35438273, 2403587
1455730, 35438998, 2272616
1455808, 35438595, 2267932
1455735, 35438324, 2366192
1455847, 35438939, 2342693
1455791, 35438808, 2328657
1455854, 35438473, 2375583
1455714, 35438729, 2394234
1455779, 35438550, 2375481
1455825, 35438246, 2454982
1455791, 35438703, 2356816
1455742, 35438426, 2352154
1455759, 35438827, 2398876
1455864, 35438358, 2361519
1455788, 35438435, 2244576
1455780, 35438375, 2347474
1455736, 35438864, 2342783
1455748, 35438510, 2310095
1455732, 35438759, 2310071
1455769, 35438577, 2323996
1455834, 35438742, 2314675
1455777, 35438773, 2431562
1455888, 35438572, 2263231
1455804, 35438513, 2356793
1455758, 35438778, 2333445
1455777, 35438531, 2352098
1455828, 35438443, 2370896
1455765, 35438641, 2338098
1455737, 35438486, 2300661
1455717, 35438629, 2352168
1455717, 35438683, 2347403
1455800, 35438825, 2319325
1455781, 35438506, 2281929
1455718, 35438560, 2319346
1455825, 35438756, 2305507
1455759, 35438842, 2408168
1455782, 35438540, 2338107
1455832, 35438750, 2380244
1455825, 35438432, 2314718
1455720, 35438804, 2394205
1455773, 35438383, 2319384
1455748, 35438800, 2389529
1455734, 35438408, 2333434
1455782, 35438435, 2281933
1455769, 35438512, 2356711
1455732, 35438575, 2370835
1455705, 35438431, 2370884
1455707, 35438454, 2394241
1455754, 35438569, 2333394
1455714, 35438518, 2319398
1455760, 35438642, 2328794
1455869, 35438524, 2342707
1455725, 35438522, 2291374
1455887, 35438500, 2324112
1455758, 35438420, 2342767
1455782, 35438205, 2352180
1455822, 35438479, 2370803
1455756, 35438704, 2380205
1455748, 35438559, 2342760
1455698, 35438395, 2380143
1455817, 35438525, 2338124
1455769, 35438437, 2384905
1455747, 35438630, 2347361
1455831, 35438414, 2333514
1455820, 35438532, 2370818
1455701, 35438495, 2352235
1455795, 35438276, 2370778
1455857, 35438297, 2370728
1455727, 35438329, 2314698
1455705, 35438342, 2389536
1455748, 35438595, 2272609
1455714, 35438637, 2338144
1455808, 35438533, 2295947
1455762, 35438521, 2333424
1455779, 35438613, 2296088
1455729, 35438680, 2370849
1455728, 35438383, 2347350
1455728, 35438622, 2230668
1455752, 35438448, 2352118
1455759, 35438459, 2337987
1455753, 35438625, 2375515
1455692, 35438475, 2319307
1455701, 35438620, 2324035
1455738, 35438409, 2356772
1455801, 35438659, 2361426
1455739, 35438574, 2324033
1455758, 35438444, 2417600
1455738, 35438709, 2239898
1455861, 35438503, 2347507
1455695, 35438734, 2375370
1455756, 35438708, 2370817
1455848, 35438535, 2300629
1455764, 35438693, 2389514
1455769, 35438334, 2319300
1455822, 35438624, 2417597
1455858, 35438507, 2338213
1455774, 35438979, 2310004
1455765, 35438364, 2314790
1455775, 35438449, 2398844
1455760, 35438532, 2310022
1455826, 35438716, 2286713
1455773, 35438657, 2309983
1455792, 35438343, 2305352
1455830, 35438632, 2319385
1455815, 35438545, 2305305
1455858, 35438354, 2361375
1455794, 35438598, 2366015
1455792, 35438555, 2352091
1455716, 35438668, 2417586
1455799, 35438725, 2342795
1455705, 35438667, 2338170
1455811, 35438589, 2375588
1455747, 35438585, 2380158
1455753, 35438291, 2417594
1455809, 35438231, 2286627
1455705, 35438822, 2319276
1455759, 35438529, 2347430
1455748, 35438264, 2305424
1455672, 35438268, 2324009
1455771, 35438367, 2328775
1455777, 35438550, 2436206
1455787, 35438550, 2384840
1455793, 35438639, 2342698
1455822, 35438680, 2324104
1455776, 35438692, 2347404
1455770, 35438569, 2459635
1455812, 35438482, 2361506
1455801, 35438515, 2328756
1455874, 35438425, 2333367
1455775, 35438460, 2347422
1455775, 35438422, 2300684
1455784, 35438405, 2361398
1455731, 35438595, 2384808
1455752, 35438541, 2361492
1455766, 35438620, 2305399
1455780, 35438514, 2352190
1455806, 35438457, 2408209
1455862, 35438599, 2324066
1455778, 35438606, 2272551
1455770, 35438522, 2351970
1455710, 35438662, 2384859
1455780, 35438630, 2370849
1455784, 35438737, 2352228
1455883, 35438354, 2366117
1455734, 35438294, 2347356
1455726, 35438648, 2361329
1455798, 35438512, 2384816
1455745, 35438427, 2408191
1455772, 35438851, 2328652
1455822, 35438634, 2408221
1455775, 35438926, 2310106
1455898, 35438280, 2324150
1455761, 35438719, 2333462
1455754, 35438207, 2300613
1455755, 35438408, 2263281
1455772, 35438434, 2375526
1455760, 35438375, 2338155
1455767, 35438177, 2300617
1455794, 35438436, 2380163
1455773, 35438687, 2361480
1455844, 35438395, 2380129
1455739, 35438564, 2333380
1455757, 35438520, 2347411
1455773, 35438546, 2361547
1455738, 35438584, 2319477
1455755, 35438569, 2361363
1455734, 35438248, 2342757
1455735, 35438343, 2361445
1455789, 35438285, 2389506
1455851, 35438402, 2389487
1455777, 35438609, 2389540
1455801, 35438459, 2286657
1455747, 35438478, 2300593
1455784, 35438478, 2291275
1455820, 35438471, 2310027
1455720, 35438399, 2366149
1455765, 35438424, 2347480
1455783, 35438912, 2426946
1455755, 35438506, 2370776
1455770, 35438685, 2291343
1455744, 35438666, 2328713
1455808, 35438659, 2319401
1455783, 35438569, 2333336
1455846, 35438615, 2310052
1455776, 35438493, 2361594
1455830, 35438833, 2319428
1455762, 35438614, 2361457
1455798, 35438208, 2389584
1455800, 35438342, 2314709
1455696, 35438694, 2356834
1455704, 35438532, 2324110
1455726, 35438526, 2305308
1455948, 35438581, 2403477
1455753, 35438497, 2333381
1455728, 35438743, 2296120
1455775, 35438280, 2333394
1455757, 35438255, 2314653
1455765, 35438672, 2412805
1455748, 35438615, 2342742
1455806, 35438466, 2314667
1455749, 35438247, 2352145
1455777, 35438441, 2459722
1455764, 35438448, 2324069
1455782, 35438728, 2342693
1455687, 35438629, 2324017
1455713, 35438455, 2338072
1455766, 35438644, 2324020
1455757, 35438602, 2328696
1455754, 35438818, 2319376
1455780, 35438693, 2370801
1455786, 35438381, 2361494
1455724, 35438542, 2370759
1455776, 35438716, 2375553
1455749, 35438817, 2342649
1455805, 35438269, 2347342
1455758, 35438735, 2389485
1455873, 35438590, 2267918
1455786, 35438430, 2361357
1455766, 35438407, 2342833
1455757, 35438592, 2333424
1455734, 35438221, 2328778
1455708, 35438871, 2352051
1455718, 35438411, 2394216
1455729, 35438595, 2361533
1455766, 35438506, 2272537
1455749, 35438646, 2319383
1455786, 35438594, 2338097
1455747, 35438249, 2328641
1455788, 35438272, 2361490
1455795, 35438455, 2338053
1455747, 35438562, 2319406
1455743, 35438478, 2352049
1455811, 35438553, 2249338
1455716, 35438298, 2300687
1455866, 35438417, 2389596
1455725, 35438897, 2370808
1455836, 35438548, 2356757
1455773, 35438354, 2291344
1455836, 35438909, 2361476
1455686, 35438856, 2356860
1455724, 35438287, 2328702
1455788, 35438519, 2328773
1455681, 35438398, 2263247
1455854, 35438625, 2370806
1455770, 35438418, 2398880
1455748, 35438565, 2347449
1455771, 35438682, 2342715
1455806, 35438572, 2338101
1455762, 35438271, 2356815
1455860, 35438562, 2356871
1455752, 35438529, 2328708
1455783, 35438690, 2291302
1455766, 35438625, 2333406
1455780, 35438469, 2324078
1455735, 35438567, 2375537
1455797, 35438696, 2328709
1455874, 35438373, 2347437
1455795, 35438666, 2384910
1455640, 35438253, 2352175
1455738, 35438272, 2296017
1455757, 35438695, 2286625
1455760, 35438575, 2286711
1455870, 35438504, 2347500
1455736, 35438422, 2347559
1455758, 35438914, 2384923
1455724, 35438644, 2338110
1455802, 35438558, 2361504
1455931, 35438535, 2440966
1455750, 35438682, 2347501
1455853, 35438589, 2328685
1455842, 35438618, 2380205
1455768, 35438365, 2403648
1455773, 35438430, 2417665
1455735, 35438814, 2375549
