Gen, Enc, Dec
13442,16406,17848
12503,16277,17796
12491,16278,17791
12499,16287,17792
12506,16280,17799
12497,16285,17797
12490,16279,17784
12504,16278,17797
12491,16279,17791
12499,16286,17792
12503,16275,17795
12810,16594,18106
12497,16285,17797
12650,16431,17949
12502,16276,17796
12500,16287,17800
12500,16289,17794
12501,16276,17794
12496,16284,17796
12497,16283,17789
12499,16272,17791
12497,16284,17796
12491,16278,17783
12502,16276,17794
12499,16287,17798
12498,16285,17791
12506,16280,17800
12488,16275,17788
12495,16285,17787
12504,16277,17796
12493,16280,17792
12497,16285,17790
12499,16272,17791
12494,16280,17792
12495,16282,17787
12500,16274,17794
12494,16282,17794
12645,16433,17939
12498,16272,17791
12655,16442,17955
12495,16283,17787
12507,16281,17801
12494,16281,17794
12805,16593,18104
12491,16271,17791
12497,16285,17798
12493,16281,17793
12497,16277,17796
12494,16282,17794
12497,16285,17796
12488,16267,17789
12504,16277,17797
12489,16277,17789
12494,16276,17795
12509,16283,17802
12496,16284,17795
12490,16270,17789
12505,16279,17799
12492,16280,17792
12496,16277,17797
12505,16280,17799
12499,16287,17799
12499,16288,17793
12504,16278,17797
12496,16282,17795
12501,16288,17792
12659,16433,17951
12496,16284,17796
12496,16285,17790
12661,16436,17955
12497,16284,17796
12500,16287,17793
12505,16279,17798
12496,16283,17795
12498,16285,17792
12499,16274,17793
12494,16282,17794
12498,16285,17791
12503,16277,17796
12654,16441,17953
12496,16284,17788
12495,16277,17795
12494,16281,17795
12496,16283,17796
12495,16276,17794
12494,16282,17794
12489,16276,17789
12651,16433,17952
12493,16281,17794
12493,16281,17793
12493,16274,17793
12497,16284,17797
12644,16430,17943
12496,16285,17789
12497,16272,17791
12496,16283,17795
12499,16287,17792
12500,16275,17793
12500,16286,17799
12649,16438,17941
12499,16274,17792
12495,16283,17793
12499,16287,17792
12505,16279,17797
12500,16288,17799
12498,16286,17791
12502,16276,17796
12649,16438,17949
12498,16285,17791
12507,16281,17800
12497,16286,17797
12493,16281,17787
12506,16280,17800
12492,16279,17791
12494,16283,17789
12503,16277,17796
12490,16279,17792
12498,16287,17792
12500,16273,17794
12497,16285,17797
12495,16283,17789
12497,16272,17791
12655,16444,17955
12652,16440,17952
12490,16273,17791
12496,16271,17789
12497,16285,17796
12492,16273,17792
12506,16280,17799
12495,16282,17794
12491,16273,17791
12505,16279,17798
12498,16285,17797
12492,16274,17793
12812,16586,18104
12654,16441,17953
12498,16286,17791
12499,16273,17793
12502,16290,17802
12496,16284,17788
12503,16276,17795
12495,16284,17795
12494,16281,17787
12500,16274,17793
12493,16281,17793
12650,16437,17951
12500,16281,17800
12494,16282,17794
12496,16282,17795
12489,16271,17789
12494,16281,17793
12494,16281,17794
12491,16272,17792
12496,16283,17798
12494,16282,17794
12497,16278,17797
12498,16287,17798
12653,16441,17953
12489,16272,17789
12499,16274,17791
12492,16279,17790
12488,16269,17789
12505,16279,17798
12495,16282,17794
12494,16274,17793
12500,16274,17793
12496,16283,17795
12496,16285,17788
12501,16276,17793
12492,16279,17791
12494,16282,17788
12501,16275,17794
12493,16281,17792
12498,16286,17792
12502,16276,17797
12493,16281,17793
12504,16292,17797
12502,16276,17794
12493,16280,17792
12493,16281,17786
12503,16277,17797
12487,16275,17787
12491,16282,17784
12659,16432,17951
12500,16287,17800
12492,16280,17785
12505,16279,17798
12656,16443,17955
12498,16285,17791
12497,16271,17791
12490,16279,17791
12503,16291,17796
12500,16274,17794
12494,16281,17794
12505,16293,17798
12504,16278,17797
12496,16285,17796
12497,16284,17789
12505,16278,17798
12495,16282,17795
12496,16285,17790
12504,16278,17798
12497,16286,17797
12495,16282,17787
12495,16275,17796
12495,16283,17796
12501,16289,17800
12497,16278,17797
12497,16284,17797
12500,16287,17799
12492,16273,17793
12495,16282,17795
12649,16437,17949
12497,16277,17798
12501,16275,17794
12493,16281,17793
12492,16274,17793
12503,16278,17797
12496,16283,17795
12497,16278,17797
12502,16276,17796
12493,16281,17793
12488,16269,17788
12497,16273,17792
12504,16291,17804
12499,16287,17793
12503,16277,17795
12500,16288,17800
12648,16435,17940
12507,16281,17799
12495,16283,17795
12495,16283,17788
12505,16279,17798
12498,16286,17798
12500,16288,17794
12500,16274,17793
12494,16281,17793
12648,16437,17942
12658,16432,17952
12494,16284,17795
12494,16282,17787
12662,16436,17955
12495,16282,17797
12492,16280,17793
12653,16434,17953
12654,16428,17947
12502,16288,17800
12501,16289,17793
12504,16279,17796
12501,16288,17798
12496,16284,17789
12504,16278,17797
12491,16278,17791
12497,16288,17790
12658,16432,17951
12491,16280,17792
12489,16278,17783
12495,16271,17788
12495,16282,17794
12493,16283,17787
12501,16275,17793
12493,16281,17792
12497,16284,17790
12500,16274,17793
12498,16287,17798
12496,16283,17789
12502,16277,17795
12498,16285,17797
12490,16279,17784
12500,16273,17794
12502,16291,17802
12499,16286,17791
12497,16270,17791
12496,16283,17795
12490,16277,17783
12499,16274,17794
12495,16282,17794
12493,16281,17786
12501,16274,17794
12498,16286,17798
12494,16281,17787
12505,16279,17798
12496,16283,17795
12490,16278,17784
12499,16273,17793
12496,16284,17796
12495,16284,17788
12501,16275,17795
12495,16284,17796
12491,16278,17784
12503,16278,17797
12496,16284,17795
12490,16278,17783
12500,16272,17792
12493,16280,17793
12495,16282,17794
12502,16284,17802
12648,16436,17948
12655,16441,17953
12497,16276,17795
12507,16281,17801
12493,16280,17792
12492,16280,17785
12507,16280,17799
12494,16282,17795
12491,16280,17785
12501,16276,17796
12495,16283,17795
12497,16285,17790
12506,16281,17799
12498,16286,17797
12499,16286,17791
12504,16279,17797
12497,16284,17796
12490,16279,17783
12502,16276,17795
12493,16282,17793
12498,16286,17791
12504,16277,17797
12493,16279,17792
12495,16281,17786
12500,16276,17794
12494,16282,17794
12495,16284,17789
12504,16279,17798
12493,16280,17792
12491,16279,17785
12503,16277,17796
12491,16278,17790
12490,16279,17784
12501,16276,17794
12500,16289,17799
12499,16287,17792
12503,16277,17796
12491,16279,17790
12492,16280,17785
12500,16274,17793
12497,16284,17797
12496,16284,17790
12498,16272,17791
12493,16279,17792
12495,16283,17788
12502,16275,17795
12645,16432,17943
12496,16283,17788
12503,16276,17794
12499,16287,17800
12646,16435,17946
12649,16430,17949
12495,16283,17795
12493,16281,17795
12492,16272,17793
12505,16279,17797
12493,16281,17793
12493,16275,17795
12500,16276,17794
12495,16283,17794
12493,16274,17793
12512,16287,17805
12489,16277,17788
12490,16271,17790
12499,16274,17793
12493,16280,17793
12493,16275,17787
12490,16264,17783
12653,16440,17950
12501,16288,17793
12500,16274,17792
12489,16277,17788
12495,16283,17788
12497,16271,17790
12500,16287,17799
12647,16435,17940
12503,16276,17796
12493,16282,17794
12488,16276,17782
12507,16281,17800
12493,16278,17790
12500,16289,17793
12503,16277,17798
12496,16284,17796
12495,16283,17789
12497,16272,17792
12496,16284,17797
12490,16278,17783
12500,16273,17793
12644,16433,17944
12493,16281,17786
12502,16275,17796
12496,16284,17797
12497,16284,17790
12488,16268,17788
12493,16281,17793
12490,16278,17791
12491,16272,17790
12496,16284,17796
12492,16279,17792
12488,16270,17788
12495,16284,17796
12491,16278,17790
12493,16274,17793
12495,16283,17795
12500,16288,17801
12498,16280,17799
12496,16285,17797
12499,16286,17799
12498,16278,17798
12499,16287,17799
12496,16282,17797
12499,16281,17800
12489,16278,17790
12488,16277,17789
12490,16271,17791
12497,16285,17797
12498,16286,17798
12492,16273,17792
12494,16282,17794
12496,16284,17795
12499,16279,17799
12502,16277,17795
12494,16281,17793
12491,16274,17792
12508,16282,17802
12497,16284,17796
12654,16442,17948
12501,16276,17794
12493,16280,17791
12806,16595,18099
12506,16280,17799
12499,16285,17798
12497,16286,17790
12501,16275,17794
12502,16288,17801
12495,16283,17788
12502,16275,17795
12493,16281,17793
12654,16441,17946
12502,16283,17801
12494,16282,17795
12498,16286,17797
12501,16282,17801
12499,16286,17798
12491,16277,17791
12502,16284,17803
12501,16289,17801
12499,16286,17799
12498,16279,17799
12644,16433,17945
12499,16286,17797
12498,16277,17798
12505,16280,17798
12491,16279,17790
12494,16276,17794
12502,16275,17795
12497,16284,17795
12500,16288,17793
12505,16279,17797
12494,16281,17794
12505,16291,17797
12507,16280,17800
12496,16283,17795
12504,16293,17798
12506,16279,17797
12497,16285,17796
12494,16285,17788
12502,16278,17795
12498,16287,17798
12497,16284,17790
12503,16278,17797
12491,16279,17791
12499,16288,17791
12503,16276,17795
12498,16287,17798
12495,16283,17787
12652,16426,17946
12492,16281,17792
12495,16283,17789
12504,16278,17798
12490,16276,17789
12497,16283,17790
12503,16276,17796
12496,16284,17796
12496,16285,17790
12506,16280,17799
12498,16286,17797
12493,16281,17786
12503,16276,17796
12503,16291,17803
12492,16280,17785
12499,16273,17792
12494,16282,17793
12496,16284,17790
12502,16276,17795
12494,16281,17794
12657,16445,17957
12489,16270,17790
12496,16284,17797
12497,16285,17797
12648,16430,17950
12501,16282,17802
12502,16289,17801
12493,16275,17793
12501,16276,17794
12495,16282,17793
12494,16275,17794
12503,16277,17796
12498,16285,17798
12493,16273,17793
12653,16426,17946
12651,16438,17950
12492,16280,17785
12509,16283,17801
12490,16278,17790
12650,16439,17944
12501,16276,17795
12494,16280,17793
12495,16283,17788
12510,16283,17803
12492,16280,17791
12501,16289,17794
12495,16269,17788
12498,16286,17798
12495,16282,17788
12503,16277,17796
12497,16283,17796
12491,16278,17784
12660,16434,17953
12496,16284,17796
12497,16284,17798
12493,16274,17794
12492,16280,17792
12494,16282,17794
12651,16432,17952
12497,16272,17790
12497,16285,17796
12499,16279,17798
12504,16279,17798
12494,16282,17794
12497,16277,17797
12651,16425,17944
12504,16291,17803
12493,16281,17785
12503,16277,17796
12498,16286,17798
12503,16290,17795
12659,16432,17952
12500,16288,17800
12499,16287,17793
12499,16273,17793
12494,16282,17793
12495,16283,17789
12506,16280,17799
12494,16281,17793
12494,16282,17788
12498,16273,17792
12496,16283,17796
12500,16289,17792
12497,16271,17791
12490,16278,17790
12490,16277,17783
12502,16276,17796
12498,16287,17799
12495,16283,17789
12502,16276,17796
12491,16279,17791
12504,16291,17796
12507,16281,17800
12488,16276,17787
12496,16282,17789
12500,16275,17793
12655,16442,17955
12494,16281,17793
12500,16281,17800
12491,16279,17791
12494,16282,17795
12648,16430,17949
12503,16277,17797
12501,16288,17800
12500,16281,17801
12659,16433,17952
12495,16283,17794
12491,16279,17784
12501,16275,17795
12498,16286,17798
12498,16288,17791
12501,16275,17793
12499,16286,17798
12496,16285,17789
12500,16274,17793
12490,16278,17790
12497,16285,17791
12493,16270,17786
12497,16284,17797
12497,16286,17791
12497,16270,17790
12493,16280,17791
12500,16287,17793
12498,16272,17791
12492,16280,17792
12488,16276,17782
12501,16276,17793
12652,16438,17951
12500,16288,17794
12497,16271,17790
12494,16282,17794
12491,16279,17784
12503,16277,17797
12493,16282,17793
12495,16283,17789
12501,16275,17795
12495,16283,17796
12493,16282,17787
12509,16282,17802
12502,16290,17801
12497,16284,17791
12503,16277,17796
12488,16276,17789
12500,16288,17794
12511,16285,17805
12491,16280,17791
12496,16283,17788
12507,16280,17800
12493,16281,17793
12496,16283,17795
12500,16282,17799
12655,16443,17955
12500,16288,17800
12497,16278,17796
12491,16279,17791
12503,16289,17802
12500,16280,17802
12502,16277,17796
12499,16286,17798
12492,16273,17792
12503,16277,17797
12492,16279,17790
12490,16272,17790
12500,16274,17793
12500,16286,17799
12494,16276,17796
12656,16430,17949
12493,16280,17793
12496,16286,17789
12500,16274,17793
12496,16284,17796
12492,16280,17786
12504,16279,17798
12496,16283,17796
12496,16284,17788
12660,16433,17952
12500,16288,17800
12499,16286,17792
12503,16277,17795
12499,16284,17795
12499,16287,17792
12504,16278,17798
12490,16278,17790
12495,16283,17789
12499,16273,17792
12495,16284,17795
12495,16283,17787
12658,16433,17951
12496,16284,17796
12495,16283,17788
12498,16272,17792
12490,16278,17790
12497,16283,17797
12489,16270,17790
12648,16437,17948
12494,16282,17797
12496,16276,17795
12494,16282,17793
12498,16285,17797
12654,16434,17954
12498,16273,17792
12495,16282,17794
12491,16279,17784
12656,16430,17950
12496,16283,17795
12494,16281,17787
12505,16281,17799
12494,16282,17793
12494,16282,17787
12502,16276,17795
12499,16287,17799
12491,16279,17784
12505,16279,17798
12499,16287,17799
12497,16286,17790
12499,16273,17791
12654,16442,17953
12489,16277,17783
12501,16275,17794
12497,16284,17797
12500,16288,17793
12503,16277,17797
12493,16280,17793
12497,16284,17790
12504,16278,17799
12496,16284,17796
12495,16282,17788
12505,16280,17799
12493,16281,17792
12488,16276,17783
12498,16274,17792
12498,16285,17798
12503,16291,17797
12506,16279,17799
12487,16276,17788
12496,16284,17788
12508,16281,17801
12505,16294,17805
12496,16283,17796
12497,16278,17798
12492,16279,17792
12492,16279,17792
12496,16277,17796
12500,16287,17801
12491,16278,17791
12644,16424,17944
12487,16275,17788
12495,16282,17794
12650,16432,17951
12503,16276,17796
12492,16279,17791
12495,16284,17788
12499,16273,17792
12492,16280,17792
12505,16292,17797
12502,16276,17794
12493,16280,17792
12500,16291,17794
12500,16275,17793
12491,16279,17791
12651,16440,17945
12499,16273,17792
12493,16281,17792
12492,16279,17785
12500,16274,17793
12491,16278,17790
12495,16284,17789
12502,16275,17794
12491,16278,17790
12492,16280,17785
12505,16279,17798
12494,16283,17794
12491,16278,17784
12507,16280,17800
12495,16282,17794
12497,16284,17790
12508,16282,17801
12495,16283,17796
12490,16279,17783
12501,16275,17793
12496,16283,17796
12499,16287,17793
12497,16271,17790
12655,16441,17955
12494,16282,17787
12494,16274,17795
12497,16286,17798
12498,16285,17798
12501,16282,17800
12497,16285,17797
12497,16284,17796
12501,16282,17802
12499,16288,17802
12656,16445,17956
12492,16273,17791
12509,16283,17802
12495,16282,17794
12497,16278,17797
12504,16277,17797
12494,16282,17794
12493,16275,17793
12500,16274,17794
12496,16283,17795
12497,16284,17789
12504,16278,17797
12653,16440,17952
12495,16284,17788
12499,16273,17793
12501,16288,17800
12501,16289,17794
12655,16429,17948
12499,16288,17799
12493,16282,17787
12502,16275,17795
12504,16288,17801
12502,16290,17795
12499,16273,17792
12499,16286,17798
12496,16283,17789
12501,16275,17795
12492,16279,17792
12488,16277,17782
12499,16273,17793
12497,16285,17797
12654,16443,17946
12501,16280,17801
12498,16287,17799
12643,16431,17944
12495,16276,17795
12496,16284,17796
12498,16286,17798
12495,16277,17796
12494,16281,17793
12490,16275,17789
12647,16427,17946
12506,16279,17799
12494,16282,17794
12494,16283,17787
12504,16278,17797
12496,16282,17795
12656,16447,17949
12495,16270,17788
12497,16285,17796
12494,16282,17787
12498,16273,17792
12494,16283,17795
12492,16280,17786
12499,16274,17793
12497,16285,17796
12495,16283,17788
12500,16275,17794
12496,16284,17796
12494,16282,17788
12504,16277,17795
12499,16287,17800
12498,16285,17791
12508,16282,17802
12498,16285,17796
12492,16280,17785
12500,16273,17793
12498,16284,17797
12502,16291,17796
12499,16274,17794
12487,16276,17788
12497,16285,17789
12506,16281,17801
12493,16280,17793
12494,16283,17788
12498,16274,17792
12498,16285,17797
12494,16282,17788
12499,16273,17792
12495,16283,17795
12495,16284,17789
12505,16278,17798
12489,16278,17788
12493,16279,17786
12503,16278,17797
12651,16439,17951
12498,16284,17797
12504,16286,17804
12488,16275,17788
12649,16437,17949
12658,16446,17951
12497,16272,17791
12499,16286,17798
12498,16286,17790
12502,16275,17794
12497,16285,17796
12498,16288,17791
12503,16279,17796
12498,16286,17797
12493,16281,17786
12508,16283,17801
12499,16285,17797
12495,16282,17788
12657,16430,17950
12493,16281,17793
12648,16437,17941
12502,16275,17796
12497,16286,17798
12496,16284,17790
12508,16281,17801
12499,16287,17798
12493,16279,17786
12502,16276,17795
12496,16284,17797
12490,16276,17783
12503,16276,17796
12497,16285,17798
12500,16287,17793
12501,16274,17793
12494,16281,17794
12497,16285,17790
12495,16277,17796
12494,16282,17795
12499,16287,17799
12498,16281,17800
12658,16447,17958
12499,16285,17798
12493,16274,17794
12492,16273,17793
12496,16284,17796
12495,16276,17796
12506,16280,17800
12502,16289,17801
12488,16269,17788
12508,16283,17801
12498,16285,17797
12495,16275,17795
12502,16276,17795
12497,16285,17796
12495,16283,17787
12506,16279,17798
12651,16440,17950
12492,16281,17785
12502,16277,17796
12502,16288,17800
12494,16282,17787
12499,16274,17793
12495,16283,17796
12499,16288,17793
12501,16274,17793
12491,16278,17789
12653,16441,17946
12505,16279,17798
12493,16280,17792
12500,16287,17793
12505,16279,17799
12808,16596,18107
12495,16282,17795
12492,16274,17793
12496,16285,17797
12499,16287,17798
12496,16276,17796
12493,16280,17793
12496,16283,17798
12490,16272,17789
12494,16282,17794
12498,16286,17798
12499,16280,17799
12498,16285,17798
12493,16281,17792
12493,16274,17793
12495,16277,17795
12494,16281,17793
12652,16433,17944
12504,16277,17797
12491,16279,17790
12650,16438,17942
12657,16430,17950
12494,16282,17794
12496,16283,17790
12502,16276,17795
12501,16285,17798
12499,16287,17793
12500,16275,17794
12650,16437,17950
12492,16279,17784
12500,16274,17792
12492,16279,17792
12491,16279,17785
12498,16273,17792
12490,16279,17790
12493,16281,17786
12503,16277,17796
12498,16286,17798
12491,16278,17784
12492,16273,17793
12494,16281,17794
12497,16285,17797
12489,16270,17788
12496,16284,17796
12494,16281,17793
12492,16275,17793
12497,16284,17797
12501,16288,17800
12498,16280,17798
12497,16286,17798
12499,16286,17799
12499,16281,17800
12493,16282,17793
12501,16289,17803
12497,16278,17798
12648,16437,17949
12495,16282,17794
12494,16275,17795
12500,16274,17794
12498,16285,17797
12650,16437,17943
12500,16274,17794
12496,16284,17795
12489,16277,17782
12501,16275,17795
12498,16286,17798
12495,16283,17788
12509,16282,17801
12656,16443,17955
12654,16442,17948
12497,16271,17790
12497,16285,17797
12650,16437,17949
12496,16276,17796
12494,16282,17794
12652,16439,17954
12492,16274,17792
