Gen, Enc, Dec
20379,24208,25948
19423,24068,25871
19583,24227,26031
19424,24070,25873
19430,24075,25878
19585,24230,26033
19581,24226,26029
19424,24083,25871
19575,24233,26023
19424,24084,25871
19422,24075,25862
19426,24078,25867
19433,24085,25874
19418,24070,25858
19424,24076,25865
19431,24084,25873
19435,24087,25876
19430,24079,25878
19576,24219,26023
19428,24073,25875
19426,24069,25873
19431,24076,25879
19421,24065,25869
19423,24067,25870
19430,24074,25876
19431,24077,25881
19433,24079,25882
19582,24228,26030
19437,24082,25885
19435,24080,25882
19421,24080,25870
19431,24083,25871
19429,24080,25869
19422,24074,25863
19428,24081,25870
19430,24082,25870
19430,24082,25869
19417,24069,25858
19423,24068,25871
19582,24228,26030
19428,24073,25877
19426,24070,25872
19430,24075,25878
19424,24071,25872
19437,24081,25884
19423,24069,25871
19424,24069,25872
19421,24067,25871
19429,24075,25877
19424,24069,25872
19428,24073,25876
19422,24082,25870
19429,24081,25869
19427,24078,25867
19420,24072,25862
19585,24237,26026
19430,24083,25870
19423,24077,25864
19432,24084,25872
19424,24076,25866
19429,24074,25876
19423,24069,25871
19428,24073,25875
19424,24070,25872
19429,24075,25877
19422,24066,25870
19433,24077,25880
19586,24233,26035
19734,24379,26182
19422,24068,25871
19427,24071,25875
19424,24069,25873
19419,24064,25868
19426,24070,25873
19432,24078,25881
19576,24235,26032
19425,24082,25872
19433,24086,25874
19428,24079,25869
19428,24080,25870
19428,24080,25869
19423,24075,25863
19420,24072,25860
19428,24080,25868
19422,24067,25871
19588,24234,26037
19581,24227,26030
19430,24076,25878
19421,24066,25869
19430,24076,25878
19428,24074,25880
19422,24068,25870
19425,24071,25874
19420,24065,25867
19431,24076,25878
19427,24072,25874
19428,24073,25875
19591,24236,26039
19424,24083,25871
19426,24080,25867
19431,24082,25871
19426,24080,25868
19432,24084,25873
19430,24082,25871
19434,24087,25874
19421,24072,25861
19428,24079,25867
19426,24075,25874
19424,24070,25872
19434,24079,25882
19438,24084,25886
19583,24229,26032
19434,24079,25885
19422,24066,25870
19432,24078,25880
19426,24070,25873
19430,24076,25878
19432,24077,25880
19430,24075,25878
19575,24220,26024
19418,24077,25866
19424,24076,25863
19427,24078,25867
19425,24078,25867
19430,24081,25872
19427,24079,25868
19432,24084,25873
19425,24077,25866
19431,24084,25871
19424,24072,25872
19584,24229,26032
19425,24070,25874
19433,24079,25881
19422,24068,25870
19432,24077,25880
19420,24065,25869
19422,24068,25869
19425,24071,25874
19582,24227,26030
19428,24074,25876
19431,24076,25879
19421,24067,25869
19577,24236,26031
19422,24082,25870
19427,24079,25868
19426,24079,25868
19428,24080,25870
19427,24079,25868
19435,24087,25876
19424,24076,25865
19424,24076,25864
19421,24066,25868
19581,24227,26029
19422,24066,25870
19423,24067,25872
19425,24070,25873
19435,24081,25884
19429,24074,25876
19420,24065,25868
19429,24074,25875
19439,24083,25887
19429,24074,25877
19427,24072,25875
19428,24072,25876
19415,24074,25867
19421,24073,25862
19427,24080,25868
19426,24077,25867
19427,24079,25868
19584,24236,26024
19422,24075,25863
19427,24079,25867
19587,24239,26028
19430,24083,25872
19437,24083,25885
19734,24381,26182
19429,24074,25877
19428,24073,25875
19429,24075,25877
19585,24231,26034
19428,24074,25876
19431,24078,25880
19425,24071,25874
19431,24077,25880
19428,24073,25876
19419,24064,25866
19434,24077,25881
19432,24077,25879
19429,24073,25876
19417,24073,25862
19426,24078,25866
19427,24078,25867
19428,24079,25868
19583,24234,26024
19576,24229,26018
19422,24075,25864
19582,24235,26023
19437,24089,25878
19430,24082,25871
19418,24065,25859
19421,24067,25870
19432,24077,25881
19422,24068,25870
19432,24076,25879
19429,24074,25877
19437,24082,25885
19422,24066,25869
19420,24065,25868
19418,24063,25865
19427,24071,25874
19417,24061,25864
19417,24077,25865
19420,24073,25862
19429,24081,25870
19427,24078,25867
19429,24081,25870
19429,24082,25871
19426,24078,25867
19424,24078,25865
19429,24075,25876
19428,24074,25876
19432,24077,25880
19418,24064,25866
19435,24080,25883
19423,24069,25872
19425,24069,25873
19420,24066,25868
19423,24067,25871
19419,24064,25866
19420,24066,25868
19426,24071,25874
19416,24074,25866
19431,24083,25873
19417,24070,25858
19578,24230,26019
19427,24080,25868
19425,24077,25866
19427,24080,25868
19434,24086,25874
19428,24081,25869
19432,24079,25881
19428,24074,25876
19582,24229,26030
19423,24069,25872
19432,24078,25881
19422,24068,25871
19420,24065,25868
19425,24070,25873
19430,24074,25877
19434,24078,25882
19424,24069,25872
19416,24060,25864
19414,24073,25861
19425,24084,25873
19578,24229,26018
19422,24073,25862
19417,24069,25858
19578,24230,26020
19433,24085,25872
19418,24071,25858
19435,24088,25877
19426,24078,25868
19428,24074,25877
19586,24232,26034
19582,24229,26030
19435,24079,25883
19576,24221,26025
19430,24075,25878
19427,24072,25874
19423,24068,25869
19580,24226,26028
19585,24231,26033
19425,24070,25874
19433,24078,25880
19427,24072,25873
19428,24073,25876
19421,24066,25870
19429,24074,25877
19428,24072,25874
19424,24083,25874
19424,24076,25865
19423,24075,25864
19426,24077,25867
19430,24081,25870
19426,24078,25865
19425,24077,25865
19583,24236,26025
19425,24076,25866
19419,24064,25867
19433,24078,25881
19427,24072,25874
19435,24080,25883
19428,24073,25877
19429,24074,25878
19430,24076,25879
19577,24222,26025
19425,24070,25874
19431,24077,25880
19432,24078,25880
19583,24228,26030
19435,24079,25883
19426,24072,25875
19425,24085,25873
19427,24077,25868
19428,24081,25869
19422,24074,25863
19425,24078,25866
19419,24072,25859
19431,24082,25871
19417,24070,25858
19435,24079,25883
19430,24076,25877
19423,24068,25871
19428,24073,25877
19583,24227,26031
19432,24077,25880
19424,24069,25873
19578,24224,26025
19433,24078,25882
19432,24078,25880
19579,24225,26027
19421,24066,25868
19431,24075,25878
19583,24228,26030
19424,24069,25871
19416,24074,25863
19419,24072,25860
19433,24085,25873
19421,24073,25862
19430,24082,25870
19433,24085,25873
19422,24074,25862
19425,24077,25864
19422,24067,25869
19583,24232,26032
19426,24072,25873
19429,24075,25877
19430,24074,25877
19423,24067,25872
19736,24382,26184
19435,24081,25883
19427,24071,25874
19430,24075,25877
19426,24071,25873
19427,24072,25876
19425,24070,25874
19434,24079,25883
19427,24071,25874
19417,24076,25870
19580,24231,26021
19420,24073,25860
19429,24081,25869
19422,24073,25864
19582,24233,26024
19423,24076,25865
19418,24071,25859
19595,24248,26035
19435,24088,25876
19578,24231,26018
19429,24082,25869
19425,24071,25873
19437,24082,25885
19424,24069,25872
19426,24071,25874
19430,24074,25877
19428,24071,25876
19426,24072,25875
19428,24074,25876
19426,24071,25874
19419,24065,25867
19434,24078,25880
19417,24068,25863
19572,24232,26020
19417,24078,25865
19426,24078,25866
19424,24075,25865
19420,24072,25861
19416,24069,25858
19591,24244,26032
19425,24078,25866
19433,24085,25874
19422,24067,25871
19424,24070,25873
19425,24070,25873
19430,24076,25879
19420,24067,25869
19438,24083,25885
19418,24063,25865
19425,24070,25873
19429,24075,25878
19422,24067,25871
19414,24059,25861
19428,24074,25876
19418,24078,25865
19420,24073,25861
19438,24090,25879
19431,24083,25872
19425,24077,25866
19419,24071,25860
19424,24077,25865
19434,24086,25874
19429,24074,25876
19434,24078,25880
19433,24078,25880
19582,24229,26030
19434,24079,25881
19428,24074,25877
19419,24064,25868
19428,24073,25876
19420,24066,25868
19426,24071,25875
19428,24073,25876
19427,24072,25875
19424,24069,25872
19424,24082,25876
19426,24078,25866
19430,24080,25870
19438,24090,25878
19428,24079,25868
19435,24087,25875
19587,24240,26028
19428,24081,25869
19422,24075,25862
19422,24067,25869
19425,24071,25874
19432,24077,25880
19433,24079,25881
19423,24069,25870
19428,24073,25875
19423,24068,25871
19432,24077,25879
19433,24078,25881
19423,24068,25871
19434,24079,25881
19424,24069,25871
19419,24078,25872
19431,24084,25873
19429,24079,25869
19430,24083,25872
19424,24076,25865
19583,24236,26025
19428,24080,25869
19591,24244,26032
19422,24074,25863
19419,24069,25859
19426,24072,25874
19430,24075,25878
19431,24077,25881
19422,24068,25871
19425,24071,25875
19425,24071,25875
19739,24383,26187
19429,24074,25876
19417,24064,25864
19423,24067,25871
19427,24073,25875
19437,24081,25884
19431,24075,25878
19579,24224,26026
19416,24067,25862
19424,24083,25872
19433,24085,25873
19436,24086,25876
19419,24071,25859
19425,24078,25866
19441,24092,25879
19424,24077,25864
19417,24068,25857
19427,24076,25874
19434,24080,25883
19581,24226,26029
19428,24074,25876
19426,24071,25873
19427,24072,25878
19428,24073,25876
19438,24083,25886
19421,24066,25868
19431,24075,25878
19418,24062,25865
19425,24069,25873
19423,24082,25870
19421,24082,25869
19426,24077,25866
19434,24087,25875
19428,24079,25869
19423,24076,25864
19428,24080,25868
19424,24075,25865
19427,24081,25868
19422,24071,25870
19423,24068,25870
19427,24072,25875
19426,24072,25874
19432,24076,25880
19428,24075,25876
19424,24070,25873
19424,24069,25873
19427,24072,25875
19429,24074,25876
19422,24066,25869
19419,24078,25867
19425,24079,25866
19583,24235,26025
19578,24230,26018
19432,24084,25873
19426,24077,25866
19430,24083,25870
19427,24078,25866
19425,24078,25865
19437,24089,25877
19436,24080,25883
19421,24066,25870
19422,24067,25871
19434,24078,25882
19426,24070,25874
19588,24235,26036
19424,24068,25873
19420,24066,25868
19421,24066,25869
19427,24071,25875
19430,24075,25878
19419,24064,25866
19430,24074,25877
19424,24083,25876
19425,24076,25865
19430,24082,25870
19418,24071,25859
19425,24076,25867
19430,24083,25872
19426,24078,25868
19422,24074,25862
19439,24085,25887
19427,24072,25874
19424,24069,25871
19424,24070,25871
19432,24076,25880
19430,24076,25879
19430,24075,25879
19417,24063,25865
19422,24067,25870
19427,24071,25875
19430,24075,25878
19430,24074,25878
19421,24081,25873
19417,24070,25858
19437,24089,25877
19432,24083,25872
19584,24236,26025
19434,24087,25876
19427,24078,25868
19582,24235,26024
19424,24076,25865
19429,24081,25870
19427,24072,25876
19428,24073,25876
19427,24074,25876
19428,24073,25876
19423,24069,25873
19426,24072,25874
19426,24072,25876
19422,24067,25872
19432,24077,25880
19427,24072,25876
19421,24066,25868
19425,24071,25873
19425,24083,25873
19433,24085,25873
19588,24240,26029
19430,24082,25871
19426,24077,25867
19582,24234,26022
19434,24086,25876
19429,24082,25870
19427,24080,25868
19431,24083,25871
19432,24077,25879
19431,24076,25879
19434,24079,25882
19418,24063,25867
19429,24074,25878
19425,24071,25873
19426,24072,25875
19425,24070,25874
19430,24077,25879
19425,24070,25872
19439,24084,25887
19427,24072,25876
19418,24078,25867
19431,24083,25872
19424,24076,25865
19432,24082,25873
19430,24081,25870
19431,24083,25871
19434,24085,25875
19428,24079,25868
19429,24075,25878
19423,24069,25871
19430,24076,25879
19427,24073,25875
19424,24070,25873
19438,24081,25886
19424,24070,25873
19424,24069,25871
19429,24073,25876
19427,24072,25875
19428,24072,25877
19428,24073,25876
19573,24232,26028
19422,24081,25869
19430,24081,25871
19430,24081,25871
19422,24072,25863
19428,24080,25869
19426,24078,25867
19434,24086,25875
19427,24078,25867
19420,24066,25867
19423,24069,25870
19426,24070,25873
19431,24077,25879
19425,24069,25874
19587,24233,26034
19583,24227,26030
19421,24066,25869
19430,24075,25878
19431,24075,25878
19580,24225,26028
19424,24070,25873
19429,24073,25876
19583,24227,26029
19427,24072,25873
19587,24232,26035
19421,24080,25870
19433,24084,25873
19425,24076,25867
19585,24236,26025
19424,24076,25864
19424,24078,25865
19576,24229,26016
19425,24077,25865
19426,24079,25866
19433,24085,25872
19422,24068,25870
19431,24077,25879
19421,24067,25869
19425,24070,25873
19428,24073,25876
19431,24076,25880
19425,24070,25873
19586,24231,26033
19437,24081,25884
19425,24071,25874
19426,24072,25875
19428,24073,25876
19583,24228,26030
19433,24078,25880
19422,24082,25869
19423,24076,25864
19421,24073,25862
19428,24081,25869
19426,24078,25867
19429,24083,25870
19426,24078,25867
19434,24086,25875
19583,24236,26024
19424,24070,25873
19422,24068,25869
19429,24074,25877
19428,24073,25877
19426,24073,25875
19430,24074,25878
19583,24228,26030
19429,24075,25877
19428,24073,25875
19419,24065,25868
19428,24073,25876
19427,24071,25874
19430,24075,25878
19419,24079,25867
19585,24238,26026
19425,24077,25865
19431,24083,25871
19430,24081,25870
19431,24083,25872
19425,24077,25865
19419,24072,25861
19432,24085,25873
19423,24068,25870
19426,24072,25874
19429,24074,25876
19426,24072,25873
19432,24076,25880
19583,24228,26031
19428,24073,25876
19432,24076,25880
19422,24066,25870
19583,24227,26030
19423,24068,25871
19424,24068,25871
19433,24078,25881
19423,24074,25870
19570,24228,26018
19420,24080,25868
19582,24233,26022
19574,24226,26014
19433,24086,25873
19584,24236,26024
19426,24077,25867
19423,24075,25863
19433,24085,25873
19429,24081,25868
19422,24074,25862
19431,24077,25879
19429,24074,25877
19576,24221,26025
19421,24068,25868
19419,24064,25867
19426,24071,25872
19423,24068,25872
19425,24071,25874
19427,24072,25875
19422,24068,25870
19426,24071,25874
19424,24070,25872
19428,24073,25875
19421,24080,25873
19423,24076,25864
19575,24227,26015
19424,24077,25866
19426,24078,25868
19426,24078,25867
19431,24083,25872
19424,24076,25866
19428,24080,25869
19428,24075,25876
19434,24078,25882
19435,24080,25883
19737,24382,26185
19430,24076,25878
19418,24065,25867
19431,24077,25880
19435,24080,25884
19427,24072,25875
19425,24070,25873
19420,24065,25868
19434,24080,25883
19418,24062,25865
19430,24074,25878
19425,24082,25870
19430,24082,25870
19427,24078,25866
19427,24078,25867
19590,24242,26031
19417,24071,25858
19429,24080,25867
19429,24080,25870
19425,24077,25866
19424,24076,25873
19432,24077,25880
19413,24059,25862
19585,24230,26033
19432,24077,25880
19423,24069,25871
19433,24077,25880
19426,24073,25874
19416,24061,25863
19423,24067,25871
19576,24220,26023
19423,24067,25869
19425,24069,25872
19415,24073,25862
19425,24077,25866
19430,24082,25871
19431,24083,25872
19430,24082,25871
19429,24081,25869
19432,24083,25871
19427,24078,25866
19431,24075,25878
19413,24057,25859
19430,24075,25878
19425,24070,25874
19430,24076,25879
19426,24071,25875
19431,24075,25878
19426,24071,25875
19436,24082,25885
19421,24066,25869
19597,24242,26045
19439,24083,25887
19742,24386,26189
19437,24082,25884
19432,24076,25879
19426,24084,25874
19428,24081,25870
19427,24080,25867
19424,24075,25864
19424,24077,25865
19586,24239,26028
19580,24232,26021
19424,24076,25865
19426,24080,25868
19427,24079,25868
19424,24069,25871
19438,24083,25886
19425,24069,25872
19426,24072,25874
19585,24230,26033
19424,24070,25873
19427,24072,25875
19430,24075,25878
19429,24073,25876
19431,24077,25879
19422,24067,25870
19418,24063,25866
19424,24069,25872
19421,24080,25868
19430,24081,25870
19421,24073,25861
19427,24077,25868
19430,24083,25872
19422,24074,25863
19428,24079,25868
19431,24084,25871
19429,24074,25877
19432,24077,25880
19426,24071,25874
19579,24224,26028
19428,24073,25876
19591,24237,26039
19423,24069,25871
19430,24076,25878
19586,24231,26034
19428,24073,25874
19430,24075,25878
19426,24070,25873
19419,24063,25867
19582,24228,26030
19430,24076,25878
19421,24080,25870
19417,24076,25865
19428,24081,25868
19426,24079,25867
19423,24074,25863
19436,24087,25876
19428,24082,25869
19424,24077,25864
19426,24079,25866
19587,24233,26034
19432,24081,25880
19432,24077,25880
19579,24223,26028
19422,24066,25869
19438,24084,25887
19430,24075,25881
19433,24079,25880
19433,24078,25880
19424,24070,25872
19429,24075,25878
19442,24088,25889
19427,24070,25873
19426,24078,25881
19423,24081,25869
19742,24393,26184
19420,24079,25868
19424,24076,25865
19578,24230,26019
19584,24235,26026
19579,24231,26020
19424,24075,25864
19427,24080,25866
19426,24079,25865
19439,24091,25879
19585,24237,26026
19426,24077,25866
19425,24071,25873
19426,24070,25873
19427,24072,25875
19423,24068,25870
19584,24228,26029
19434,24079,25881
19431,24076,25879
19421,24065,25869
19437,24083,25886
19430,24074,25878
19434,24080,25882
19425,24070,25872
19428,24073,25875
19422,24082,25870
19431,24083,25873
19428,24081,25870
19735,24387,26175
19428,24080,25869
19427,24079,25868
19431,24083,25871
19430,24083,25871
19426,24079,25867
19430,24084,25871
19425,24070,25873
19426,24072,25874
19425,24070,25871
19428,24074,25875
19427,24072,25874
19430,24074,25878
19583,24229,26031
19427,24072,25876
19429,24075,25877
19427,24072,25875
19423,24069,25871
19420,24065,25868
19430,24076,25877
19418,24077,25868
19421,24073,25863
19424,24076,25864
19421,24072,25862
19578,24229,26019
19412,24065,25853
19430,24081,25868
19433,24085,25873
19425,24077,25866
19425,24070,25873
19429,24074,25876
19585,24229,26033
19440,24087,25889
19428,24075,25877
19433,24078,25881
19432,24077,25879
19432,24076,25880
19430,24075,25878
19426,24072,25875
19429,24075,25876
19430,24075,25877
19435,24081,25883
19416,24075,25863
19433,24085,25874
19423,24076,25863
19419,24069,25858
19428,24080,25868
19434,24086,25874
19433,24085,25874
19429,24081,25869
19428,24073,25876
19425,24070,25873
19434,24078,25881
19422,24067,25870
19424,24068,25872
19422,24066,25869
19429,24073,25875
19423,24067,25871
19433,24078,25881
19433,24079,25881
19434,24079,25881
19426,24072,25875
19577,24236,26034
19422,24080,25869
19432,24084,25872
19573,24225,26013
19429,24080,25870
19433,24085,25872
19430,24082,25870
19440,24090,25879
19426,24078,25867
19421,24074,25862
19427,24073,25875
19430,24075,25877
19579,24223,26027
19429,24075,25877
19427,24071,25874
19427,24073,25876
19433,24079,25881
19433,24078,25880
19425,24071,25873
19428,24072,25876
19423,24068,25871
19419,24065,25867
19592,24237,26040
19417,24075,25863
19422,24081,25870
19430,24082,25871
19429,24081,25870
19590,24241,26031
19422,24073,25862
19433,24085,25874
19425,24078,25865
19436,24087,25876
19418,24071,25858
19423,24071,25871
19425,24071,25873
19430,24076,25878
19427,24072,25875
19423,24068,25872
19423,24068,25871
19426,24070,25873
19431,24077,25880
19432,24079,25880
19743,24388,26192
19425,24070,25873
19418,24063,25866
19426,24071,25873
19422,24081,25869
