Gen, Enc, Dec
8519,10402,11574
7549,10268,11524
7547,10266,11521
7546,10265,11519
7549,10267,11514
7551,10263,11510
7553,10265,11513
7558,10270,11518
7557,10270,11517
7558,10269,11517
7558,10271,11518
7557,10268,11516
7555,10266,11515
7554,10266,11514
7554,10265,11513
7718,10424,11673
7555,10266,11515
7554,10266,11514
7557,10269,11516
7555,10266,11514
7544,10264,11517
7549,10267,11523
7549,10268,11522
7549,10269,11516
7553,10265,11513
7553,10265,11512
7553,10265,11512
7555,10266,11514
7557,10267,11516
7554,10266,11514
7560,10271,11520
7559,10271,11519
7554,10265,11514
7558,10269,11517
7558,10269,11518
7556,10267,11515
7556,10267,11516
7556,10267,11516
7550,10268,11524
7548,10267,11522
7547,10266,11522
7552,10270,11518
7554,10266,11512
7552,10265,11513
7554,10266,11513
7557,10272,11517
7552,10263,11510
7559,10270,11519
7556,10267,11516
7556,10268,11515
7557,10269,11516
7559,10271,11518
7557,10268,11517
7556,10267,11515
7558,10269,11518
7711,10422,11670
7555,10267,11515
7550,10269,11524
7552,10270,11526
7550,10270,11524
7543,10262,11509
7556,10268,11516
7559,10271,11519
7562,10275,11522
7560,10271,11519
7556,10267,11516
7556,10266,11515
7557,10270,11518
7554,10265,11513
7558,10270,11518
7555,10267,11515
7555,10266,11514
7558,10269,11518
7557,10269,11517
7555,10266,11514
7548,10267,11522
7545,10264,11518
7551,10271,11525
7550,10270,11516
7556,10268,11516
7560,10271,11520
7555,10266,11515
7558,10272,11518
7558,10269,11517
7559,10269,11518
7556,10267,11515
7555,10266,11514
7554,10265,11513
7554,10265,11514
7554,10266,11514
7560,10272,11520
7561,10273,11521
7554,10265,11514
7545,10263,11518
7548,10266,11523
7551,10269,11524
7551,10269,11516
7555,10267,11514
7559,10270,11518
7555,10266,11517
7555,10270,11516
7555,10265,11514
7711,10421,11670
7559,10268,11516
7554,10267,11515
7560,10272,11519
7558,10270,11519
7555,10266,11513
7561,10271,11519
7553,10264,11513
7555,10266,11514
7553,10265,11513
7549,10268,11522
7549,10268,11523
7547,10267,11521
7550,10268,11517
7554,10265,11513
7554,10266,11514
7557,10270,11517
7558,10270,11518
7554,10266,11514
7557,10267,11514
7556,10268,11517
7554,10267,11515
7554,10266,11514
7558,10270,11518
7556,10268,11516
7556,10268,11516
7556,10267,11515
7557,10269,11517
7545,10263,11519
7549,10268,11523
7550,10269,11524
7545,10263,11510
7554,10265,11514
7559,10270,11518
7558,10271,11519
7558,10271,11517
7557,10268,11517
7706,10418,11667
7559,10269,11520
7558,10269,11517
7549,10262,11510
7555,10268,11515
7552,10264,11511
7555,10267,11516
7554,10266,11515
7553,10264,11514
7551,10276,11517
7550,10270,11525
7548,10267,11522
7548,10267,11522
7547,10268,11514
7555,10267,11514
7560,10271,11521
7556,10269,11516
7555,10267,11515
7554,10265,11515
7555,10267,11515
7552,10264,11511
7559,10271,11520
7555,10265,11514
7553,10264,11511
7552,10263,11511
7554,10265,11514
7556,10268,11517
7548,10274,11515
7543,10262,11518
7550,10269,11524
7551,10269,11525
7551,10270,11517
7554,10265,11513
7556,10268,11518
7554,10267,11514
7553,10266,11513
7556,10268,11517
7557,10268,11516
7557,10269,11518
7556,10267,11516
7555,10265,11513
7552,10264,11511
7554,10265,11514
7558,10268,11517
7557,10269,11517
7547,10273,11514
7548,10267,11522
7549,10267,11523
7550,10269,11524
7548,10267,11515
7557,10270,11516
7556,10266,11517
7553,10266,11513
7557,10269,11518
7558,10269,11518
7551,10262,11510
7555,10267,11514
7554,10266,11514
7560,10272,11519
7552,10263,11511
7555,10266,11515
7559,10270,11519
7555,10266,11516
7545,10269,11511
7550,10269,11524
7549,10268,11524
7548,10266,11522
7554,10273,11521
7555,10267,11514
7552,10264,11513
7554,10267,11514
7559,10270,11519
7556,10266,11515
7558,10269,11518
7553,10264,11513
7556,10268,11516
7557,10268,11517
7560,10271,11519
7556,10267,11516
7554,10266,11514
7558,10269,11518
7548,10274,11515
7551,10270,11525
7548,10267,11523
7548,10266,11522
7546,10266,11512
7557,10267,11514
7556,10269,11519
7555,10268,11515
7556,10267,11516
7557,10267,11516
7552,10262,11511
7556,10269,11516
7557,10269,11516
7553,10265,11512
7556,10268,11515
7555,10267,11515
7559,10269,11519
7556,10267,11515
7548,10274,11515
7552,10271,11527
7546,10265,11520
7549,10268,11523
7550,10270,11516
7555,10267,11514
7556,10268,11519
7554,10267,11514
7556,10269,11516
7557,10268,11516
7560,10272,11520
7558,10269,11517
7717,10428,11676
7559,10271,11519
7557,10268,11517
7552,10264,11512
7553,10264,11513
7554,10266,11514
7560,10272,11520
7550,10276,11517
7546,10265,11520
7551,10270,11525
7550,10270,11524
7547,10266,11513
7557,10270,11517
7559,10270,11519
7708,10421,11668
7561,10274,11521
7556,10268,11516
7559,10270,11519
7554,10267,11515
7554,10266,11513
7555,10266,11515
7555,10267,11515
7554,10266,11514
7554,10265,11513
7552,10263,11513
7557,10269,11516
7547,10273,11514
7546,10264,11520
7548,10268,11522
7544,10263,11511
7546,10265,11512
7558,10270,11518
7560,10272,11519
7560,10272,11520
7560,10272,11519
7713,10425,11673
7558,10271,11517
7558,10269,11519
7553,10265,11513
7551,10262,11510
7557,10270,11517
7558,10270,11518
7554,10267,11514
7556,10267,11515
7556,10267,11516
7548,10274,11515
7549,10268,11523
7547,10266,11522
7551,10269,11517
7555,10266,11513
7560,10271,11518
7556,10268,11515
7553,10265,11512
7556,10268,11516
7557,10267,11516
7555,10265,11516
7554,10266,11514
7559,10271,11519
7555,10267,11515
7558,10270,11518
7554,10265,11513
7558,10270,11518
7552,10264,11512
7548,10273,11514
7546,10265,11521
7547,10264,11521
7546,10265,11512
7552,10264,11511
7557,10269,11517
7559,10272,11519
7551,10263,11511
7554,10264,11513
7556,10268,11516
7556,10266,11516
7558,10269,11518
7557,10268,11516
7560,10271,11520
7558,10269,11517
7556,10266,11515
7555,10266,11515
7557,10268,11516
7553,10278,11520
7549,10268,11524
7549,10268,11524
7548,10266,11515
7559,10269,11516
7553,10264,11513
7557,10269,11517
7553,10266,11514
7554,10267,11515
7553,10264,11512
7560,10273,11522
7551,10264,11511
7556,10269,11516
7552,10263,11511
7555,10266,11515
7559,10270,11519
7555,10266,11515
7554,10266,11513
7547,10274,11514
7550,10269,11524
7546,10263,11520
7545,10264,11512
7555,10267,11514
7554,10267,11513
7557,10271,11517
7557,10270,11517
7707,10419,11666
7554,10264,11513
7561,10272,11520
7551,10262,11511
7558,10269,11518
7554,10267,11514
7561,10272,11520
7556,10268,11517
7559,10270,11518
7555,10267,11515
7552,10264,11512
7551,10270,11524
7549,10267,11523
7549,10268,11523
7540,10260,11507
7556,10268,11515
7556,10268,11516
7550,10262,11511
7553,10268,11513
7555,10266,11514
7557,10268,11516
7556,10266,11515
7554,10265,11513
7552,10264,11513
7558,10269,11517
7553,10265,11513
7555,10267,11515
7551,10263,11511
7557,10269,11516
7550,10269,11523
7545,10263,11519
7552,10270,11525
7545,10264,11512
7711,10423,11670
7556,10267,11515
7555,10267,11514
7560,10272,11520
7553,10265,11513
7557,10268,11517
7562,10272,11520
7552,10263,11512
7557,10269,11516
7556,10267,11515
7559,10270,11517
7555,10266,11514
7557,10268,11517
7558,10270,11518
7558,10270,11518
7549,10268,11523
7549,10267,11523
7549,10268,11523
7546,10266,11513
7557,10267,11516
7554,10267,11514
7557,10269,11516
7550,10263,11510
7555,10266,11515
7557,10265,11513
7555,10267,11515
7711,10422,11670
7551,10264,11511
7559,10269,11518
7556,10267,11515
7556,10266,11515
7559,10270,11519
7555,10266,11514
7547,10272,11513
7548,10266,11521
7548,10267,11523
7550,10269,11523
7545,10265,11512
7551,10263,11511
7557,10268,11517
7553,10265,11513
7557,10269,11516
7554,10264,11514
7560,10272,11520
7555,10268,11516
7557,10269,11517
7552,10263,11512
7555,10267,11514
7556,10268,11516
7558,10269,11518
7560,10272,11520
7547,10271,11513
7550,10268,11524
7548,10267,11523
7551,10269,11524
7552,10273,11519
7555,10267,11514
7555,10266,11517
7556,10269,11516
7557,10270,11518
7551,10263,11510
7555,10266,11515
7556,10268,11516
7555,10266,11514
7556,10266,11515
7559,10270,11518
7557,10267,11516
7559,10270,11518
7555,10268,11515
7549,10275,11516
7552,10271,11525
7546,10264,11520
7549,10268,11522
7549,10269,11515
7554,10265,11512
7555,10266,11517
7555,10266,11515
7561,10272,11520
7711,10423,11670
7558,10270,11519
7557,10269,11518
7557,10270,11517
7554,10266,11514
7558,10271,11518
7555,10267,11514
7556,10266,11516
7557,10268,11516
7708,10419,11668
7556,10268,11516
7544,10270,11510
7546,10265,11520
7550,10269,11524
7548,10266,11514
7556,10269,11516
7556,10267,11515
7559,10271,11518
7556,10267,11515
7555,10268,11515
7556,10268,11515
7558,10269,11519
7711,10423,11671
7558,10269,11518
7559,10270,11518
7553,10265,11513
7553,10264,11513
7552,10264,11513
7558,10270,11518
7553,10265,11512
7547,10265,11519
7550,10270,11524
7546,10264,11520
7549,10268,11516
7556,10269,11516
7557,10269,11517
7558,10270,11518
7558,10270,11517
7559,10272,11519
7558,10270,11517
7708,10421,11669
7556,10266,11516
7558,10269,11517
7555,10266,11514
7555,10266,11514
7554,10266,11514
7560,10271,11519
7550,10262,11510
7551,10263,11511
7543,10262,11516
7550,10269,11524
7705,10423,11679
7545,10264,11519
7551,10269,11517
7555,10267,11515
7556,10268,11515
7556,10268,11516
7558,10270,11518
7552,10262,11511
7561,10270,11518
7556,10268,11518
7714,10426,11674
7554,10266,11513
7555,10267,11515
7556,10267,11515
7559,10270,11519
7556,10267,11515
7557,10268,11517
7546,10272,11512
7551,10269,11525
7551,10270,11524
7550,10269,11524
7545,10264,11511
7551,10263,11511
7550,10262,11512
7554,10267,11514
7554,10264,11513
7562,10273,11522
7555,10266,11514
7558,10269,11518
7557,10269,11516
7556,10268,11514
7554,10267,11514
7555,10267,11515
7557,10269,11517
7556,10267,11516
7546,10273,11513
7550,10269,11525
7547,10266,11521
7550,10269,11525
7549,10269,11515
7558,10270,11517
7558,10270,11517
7552,10264,11512
7556,10268,11516
7555,10267,11516
7559,10270,11520
7559,10271,11520
7555,10267,11516
7554,10266,11515
7555,10267,11515
7558,10269,11517
7555,10265,11514
7556,10268,11516
7551,10270,11519
7545,10264,11520
7547,10264,11520
7549,10267,11523
7549,10268,11515
7559,10271,11518
7558,10270,11517
7554,10267,11514
7555,10266,11515
7557,10268,11517
7555,10265,11512
7555,10266,11515
7556,10268,11517
7555,10268,11515
7557,10269,11516
7556,10267,11516
7555,10265,11515
7554,10266,11514
7548,10266,11514
7551,10270,11525
7547,10266,11521
7546,10265,11520
7547,10267,11514
7556,10268,11516
7555,10267,11514
7559,10272,11520
7555,10267,11515
7558,10270,11518
7558,10267,11515
7555,10267,11515
7556,10269,11517
7554,10267,11514
7555,10266,11515
7556,10267,11515
7557,10268,11517
7556,10268,11516
7548,10266,11514
7547,10267,11521
7548,10266,11522
7545,10264,11519
7551,10269,11517
7559,10271,11519
7560,10271,11520
7552,10265,11512
7553,10265,11514
7556,10268,11516
7559,10271,11518
7559,10270,11520
7556,10266,11515
7553,10265,11512
7712,10424,11672
7552,10263,11511
7715,10425,11673
7561,10272,11521
7553,10265,11514
7554,10265,11513
7546,10272,11513
7545,10264,11519
7549,10267,11523
7549,10269,11516
7549,10267,11514
7555,10266,11514
7554,10267,11514
7551,10263,11511
7557,10270,11518
7558,10269,11517
7555,10266,11516
7557,10269,11516
7556,10266,11515
7559,10270,11518
7552,10264,11512
7554,10266,11513
7557,10269,11518
7553,10264,11512
7546,10272,11513
7548,10265,11520
7550,10269,11524
7546,10265,11512
7555,10268,11516
7555,10267,11515
7553,10264,11513
7548,10259,11508
7556,10268,11516
7559,10270,11519
7554,10264,11516
7557,10268,11516
7557,10269,11517
7557,10268,11515
7556,10268,11516
7555,10266,11515
7557,10269,11517
7556,10269,11516
7545,10271,11511
7548,10267,11521
7547,10265,11521
7549,10268,11516
7551,10263,11510
7556,10267,11514
7553,10266,11514
7559,10272,11519
7557,10269,11517
7558,10269,11517
7555,10266,11517
7552,10265,11512
7555,10266,11514
7557,10269,11517
7556,10267,11515
7713,10424,11673
7557,10268,11517
7555,10267,11514
7554,10266,11514
7549,10268,11524
7545,10264,11519
7546,10265,11520
7548,10267,11514
7558,10269,11518
7555,10267,11515
7554,10266,11514
7553,10266,11513
7715,10427,11675
7556,10268,11516
7557,10267,11517
7714,10426,11674
7555,10267,11516
7559,10271,11519
7555,10266,11515
7554,10266,11513
7558,10269,11517
7553,10265,11513
7556,10268,11516
7554,10266,11513
7547,10266,11520
7546,10266,11521
7550,10270,11524
7547,10266,11513
7558,10269,11518
7559,10270,11519
7558,10270,11518
7552,10264,11512
7557,10267,11517
7555,10264,11512
7558,10269,11517
7552,10263,11510
7561,10273,11521
7556,10267,11516
7558,10269,11518
7555,10266,11515
7556,10268,11516
7554,10267,11514
7547,10267,11521
7545,10263,11519
7547,10267,11521
7546,10264,11513
7557,10268,11517
7558,10270,11518
7555,10266,11514
7556,10269,11516
7555,10267,11515
7555,10264,11512
7559,10270,11518
7556,10268,11516
7553,10264,11512
7715,10426,11675
7551,10263,11510
7555,10267,11515
7556,10268,11516
7551,10263,11511
7550,10276,11517
7545,10263,11519
7544,10263,11518
7552,10271,11525
7548,10267,11515
7552,10263,11511
7557,10269,11517
7561,10272,11520
7557,10268,11517
7554,10266,11514
7555,10266,11515
7551,10264,11511
7555,10265,11514
7558,10269,11518
7554,10265,11513
7554,10264,11513
7559,10269,11518
7552,10264,11513
7550,10276,11517
7546,10265,11521
7543,10262,11518
7548,10268,11522
7548,10266,11515
7556,10267,11515
7556,10268,11516
7553,10265,11513
7560,10272,11519
7710,10421,11670
7558,10269,11516
7554,10266,11515
7555,10265,11513
7558,10269,11518
7555,10267,11514
7552,10264,11512
7556,10268,11516
7555,10266,11515
7560,10271,11519
7550,10276,11516
7548,10267,11522
7546,10264,11519
7547,10265,11513
7555,10268,11515
7554,10267,11513
7558,10271,11518
7560,10272,11520
7554,10267,11514
7556,10267,11515
7558,10269,11519
7555,10266,11515
7555,10266,11515
7554,10265,11514
7557,10267,11516
7555,10266,11515
7554,10265,11514
7557,10269,11517
7548,10274,11514
7545,10263,11520
7703,10421,11677
7553,10271,11527
7550,10268,11516
7554,10267,11514
7551,10263,11510
7555,10267,11515
7554,10268,11515
7552,10264,11512
7558,10269,11518
7552,10264,11512
7711,10422,11670
7558,10270,11517
7554,10267,11515
7554,10266,11514
7558,10268,11518
7556,10268,11516
7558,10271,11518
7557,10268,11517
7550,10268,11522
7545,10263,11519
7550,10268,11523
7549,10269,11516
7551,10263,11511
7556,10268,11515
7554,10267,11514
7559,10273,11518
7553,10266,11513
7559,10270,11518
7557,10268,11515
7557,10269,11516
7556,10268,11516
7556,10267,11516
7558,10269,11517
7552,10264,11512
7556,10268,11517
7558,10270,11518
7547,10265,11520
7553,10272,11527
7552,10271,11526
7553,10270,11517
7556,10269,11516
7557,10269,11516
7554,10266,11515
7553,10268,11514
7556,10268,11516
7555,10266,11514
7554,10265,11514
7552,10264,11511
7553,10266,11513
7555,10268,11515
7555,10267,11515
7548,10260,11508
7553,10264,11513
7554,10265,11514
7555,10273,11528
7546,10264,11520
7551,10270,11525
7704,10422,11676
7549,10269,11516
7554,10266,11514
7556,10269,11515
7555,10267,11514
7554,10266,11514
7557,10268,11516
7558,10267,11516
7550,10261,11510
7555,10265,11515
7556,10268,11516
7558,10270,11518
7557,10267,11516
7561,10273,11521
7555,10267,11515
7554,10266,11514
7546,10265,11520
7549,10267,11523
7547,10266,11521
7548,10266,11515
7557,10269,11516
7550,10262,11509
7556,10268,11515
7552,10265,11513
7557,10268,11517
7556,10267,11515
7558,10271,11519
7711,10422,11670
7557,10268,11516
7554,10266,11514
7558,10269,11517
7553,10264,11513
7560,10272,11521
7555,10267,11515
7546,10270,11512
7548,10267,11522
7546,10264,11519
7550,10269,11524
7545,10264,11512
7716,10428,11675
7556,10267,11515
7556,10268,11516
7554,10266,11513
7552,10264,11513
7558,10268,11517
7557,10269,11518
7556,10267,11516
7554,10265,11514
7554,10265,11513
7557,10269,11517
7559,10271,11519
7553,10265,11515
7557,10268,11516
7549,10275,11516
7552,10270,11524
7544,10263,11518
7550,10269,11516
7546,10264,11512
7556,10269,11516
7556,10269,11516
7559,10272,11520
7557,10269,11517
7560,10270,11519
7555,10267,11514
7553,10265,11513
7556,10268,11516
7555,10267,11514
7552,10263,11512
7556,10267,11515
7557,10268,11517
7555,10267,11515
7544,10270,11510
7551,10271,11525
7548,10267,11522
7547,10265,11513
7551,10270,11517
7559,10270,11519
7558,10271,11517
7558,10270,11518
7555,10268,11515
7554,10266,11513
7557,10268,11517
7556,10267,11516
7555,10266,11514
7556,10269,11516
7554,10266,11513
7555,10266,11514
7555,10267,11515
7551,10263,11511
7553,10280,11521
7549,10267,11522
7549,10268,11523
7547,10265,11514
7549,10268,11515
7555,10267,11515
7559,10272,11519
7556,10269,11516
7557,10269,11517
7710,10423,11670
7555,10267,11514
7559,10269,11520
7550,10262,11510
7553,10264,11513
7554,10265,11513
7556,10268,11516
7552,10265,11512
7552,10264,11512
7551,10263,11511
7708,10433,11674
7548,10266,11521
7546,10265,11520
7550,10269,11524
7548,10265,11513
7558,10269,11517
7559,10271,11519
7551,10264,11514
7556,10271,11516
7716,10428,11677
7554,10266,11514
7561,10271,11520
7554,10266,11514
7558,10270,11518
7557,10269,11517
7560,10271,11519
7554,10264,11513
7562,10272,11521
7556,10269,11517
7556,10268,11515
7545,10263,11518
7552,10269,11525
7546,10265,11520
7548,10267,11516
7556,10267,11515
7557,10268,11517
7550,10262,11510
7555,10270,11516
7557,10268,11516
7558,10269,11518
7559,10270,11517
7556,10268,11517
7563,10275,11523
7557,10269,11516
7553,10263,11512
7710,10420,11669
7714,10425,11674
7556,10267,11516
7559,10271,11520
