Gen, Sign, Ver
1070471, 25799340, 1667286
1068781, 25799147, 1598602
1068780, 25799118, 1650070
1068770, 25799153, 1605456
1068750, 25799153, 1680911
1068744, 25799156, 1629478
1068775, 25799132, 1698085
1068770, 25799148, 1632919
1068750, 25799119, 1632898
1068853, 25799142, 1629503
1068753, 25799129, 1626035
1068787, 25799139, 1722090
1068736, 25799145, 1639753
1068741, 25799140, 1629468
1068748, 25799156, 1670651
1068788, 25799127, 1639753
1068774, 25799149, 1691243
1068735, 25799145, 1643188
1068740, 25799106, 1584883
1068745, 25799138, 1646620
1068816, 25799145, 1608887
1068745, 25799133, 1622609
1068754, 25799120, 1595152
1068745, 25799167, 1639754
1068765, 25799155, 1646638
1068761, 25799128, 1629491
1068774, 25799122, 1619193
1068748, 25799147, 1602033
1068754, 25799128, 1660346
1068868, 25799149, 1632914
1068769, 25799160, 1612334
1068799, 25799150, 1629484
1068822, 25799117, 1608913
1068765, 25799128, 1598626
1068749, 25799101, 1646642
1068761, 25799119, 1650035
1068744, 25799135, 1687778
1068743, 25799112, 1650069
1068747, 25799150, 1584878
1068746, 25799132, 1605452
1068752, 25799143, 1615756
1068806, 25799116, 1677491
1068743, 25799157, 1639741
1068725, 25799123, 1629476
1068768, 25799146, 1667217
1068748, 25799128, 1653497
1068736, 25799122, 1663783
1068830, 25799108, 1680912
1068763, 25799119, 1626024
1068829, 25799134, 1622605
1068744, 25799135, 1619208
1068723, 25799147, 1605466
1068809, 25799125, 1656910
1068765, 25799127, 1605457
1068749, 25799117, 1612311
1068765, 25799155, 1632899
1068801, 25799131, 1677499
1068853, 25799143, 1694641
