Gen, Enc, Dec
3162595, 6337963, 9533763
3161132, 6337779, 9533675
3161129, 6337806, 9533641
3161137, 6337776, 9533666
3161233, 6337775, 9533666
3161148, 6337767, 9533681
3161159, 6337791, 9533623
3161143, 6337763, 9533681
3161159, 6337798, 9533631
3161119, 6337758, 9533687
3161199, 6337788, 9533645
3161115, 6337762, 9533674
3161157, 6337767, 9533676
3161165, 6337797, 9533641
3161155, 6337788, 9533670
3161211, 6337790, 9533649
3161209, 6337794, 9533676
3161160, 6337791, 9533664
3161158, 6337778, 9533677
3161149, 6337781, 9533680
3161156, 6337786, 9533649
3161147, 6337779, 9533658
3161208, 6337766, 9533657
3161161, 6337769, 9533679
3161215, 6337742, 9533667
3161164, 6337795, 9533704
3161197, 6337750, 9533627
3161188, 6337740, 9533655
3161149, 6337791, 9533664
3161198, 6337780, 9533635
3161127, 6337761, 9533706
3161152, 6337769, 9533587
3161131, 6337782, 9533642
3161151, 6337797, 9533625
3161210, 6337763, 9533668
3161136, 6337761, 9533678
3161147, 6337769, 9533685
3161193, 6337782, 9533653
3161120, 6337788, 9533638
3161141, 6337772, 9533685
3161199, 6337812, 9533646
3161147, 6337752, 9533621
3161169, 6337757, 9533618
3161151, 6337774, 9533684
3161202, 6337783, 9533675
3161183, 6337762, 9533700
3161158, 6337782, 9533680
3161119, 6337787, 9533640
3161231, 6337749, 9533643
3161177, 6337779, 9533691
3161152, 6337802, 9533661
3161137, 6337776, 9533709
3161127, 6337772, 9533643
3161145, 6337761, 9533694
3161158, 6337754, 9533647
3161148, 6337774, 9533650
3161116, 6337783, 9533678
3161149, 6337763, 9533635
3161181, 6337783, 9533692
3161180, 6337787, 9533617
3161146, 6337780, 9533658
3161152, 6337753, 9533678
3161161, 6337776, 9533649
3161116, 6337781, 9533647
3161140, 6337745, 9533690
3161201, 6337778, 9533631
3161156, 6337780, 9533673
3161192, 6337778, 9533621
3161165, 6337778, 9533643
3161128, 6337760, 9533682
3161210, 6337767, 9533648
3161160, 6337797, 9533670
3161188, 6337764, 9533670
3161142, 6337763, 9533679
3161136, 6337780, 9533664
3161178, 6337760, 9533641
3161139, 6337808, 9533592
3161156, 6337765, 9533664
3161154, 6337781, 9533664
3161186, 6337801, 9533628
3161149, 6337772, 9533640
3161204, 6337769, 9533702
3161141, 6337780, 9533676
3161159, 6337765, 9533657
3161197, 6337779, 9533684
3161135, 6337767, 9533650
3161143, 6337795, 9533718
3161121, 6337753, 9533666
3161140, 6337777, 9533629
3161136, 6337772, 9533637
3161112, 6337784, 9533662
3161142, 6337785, 9533663
3161137, 6337778, 9533658
3161181, 6337774, 9533671
3161202, 6337779, 9533674
3161146, 6337761, 9533698
3161145, 6337756, 9533674
3161177, 6337792, 9533666
3161135, 6337788, 9533658
3161141, 6337769, 9533656
3161117, 6337773, 9533642
3161141, 6337769, 9533606
3161124, 6337771, 9533684
3161144, 6337769, 9533657
3161220, 6337772, 9533675
3161224, 6337748, 9533687
3161138, 6337765, 9533629
3161126, 6337771, 9533683
3161215, 6337779, 9533658
3161142, 6337774, 9533674
3161130, 6337789, 9533672
3161161, 6337781, 9533678
3161142, 6337756, 9533654
3161142, 6337795, 9533659
3161161, 6337788, 9533651
3161149, 6337771, 9533669
3161157, 6337802, 9533629
3161137, 6337771, 9533703
3161107, 6337759, 9533683
3161146, 6337765, 9533638
3161139, 6337769, 9533640
3161152, 6337717, 9533617
3161164, 6337773, 9533619
3161126, 6337782, 9533684
3161175, 6337778, 9533641
3161220, 6337767, 9533654
3161201, 6337767, 9533695
3161117, 6337774, 9533634
3161157, 6337794, 9533631
3161120, 6337751, 9533639
3161178, 6337761, 9533651
3161127, 6337767, 9533666
3161170, 6337801, 9533614
3161227, 6337784, 9533698
3161127, 6337775, 9533603
3161132, 6337766, 9533631
3161213, 6337768, 9533667
3161204, 6337769, 9533656
3161192, 6337769, 9533636
3161122, 6337779, 9533653
3161116, 6337757, 9533690
3161171, 6337794, 9533715
3161175, 6337795, 9533613
3161130, 6337758, 9533683
3161203, 6337792, 9533655
3161114, 6337752, 9533679
3161136, 6337761, 9533648
3161152, 6337791, 9533689
3161153, 6337750, 9533648
3161128, 6337781, 9533637
3161141, 6337780, 9533661
3161120, 6337775, 9533669
3161163, 6337782, 9533666
3161203, 6337796, 9533640
3161151, 6337753, 9533641
3161150, 6337786, 9533690
3161135, 6337764, 9533642
3161134, 6337776, 9533619
3161165, 6337769, 9533687
3161122, 6337764, 9533702
3161144, 6337786, 9533620
3161115, 6337780, 9533640
3161140, 6337760, 9533628
3161229, 6337794, 9533694
3161137, 6337781, 9533637
3161142, 6337777, 9533686
3161159, 6337761, 9533643
3161222, 6337761, 9533642
3161140, 6337777, 9533654
3161151, 6337787, 9533682
3161142, 6337770, 9533652
3161111, 6337751, 9533661
3161141, 6337761, 9533628
3161163, 6337771, 9533641
3161132, 6337774, 9533653
3161156, 6337762, 9533691
3161140, 6337775, 9533647
3161217, 6337786, 9533660
3161139, 6337769, 9533676
3161140, 6337775, 9533689
3161157, 6337794, 9533653
3161216, 6337769, 9533662
3161144, 6337782, 9533652
3161131, 6337772, 9533674
3161179, 6337786, 9533661
3161157, 6337793, 9533640
3161161, 6337743, 9533687
3161134, 6337776, 9533625
3161149, 6337787, 9533637
3161146, 6337778, 9533659
3161133, 6337778, 9533607
3161123, 6337785, 9533665
3161139, 6337777, 9533657
3161180, 6337765, 9533667
3161207, 6337779, 9533653
3161164, 6337764, 9533688
3161148, 6337801, 9533688
3161142, 6337777, 9533635
3161133, 6337755, 9533631
3161109, 6337789, 9533682
3161214, 6337784, 9533665
3161140, 6337765, 9533645
3161128, 6337765, 9533678
3161163, 6337790, 9533623
3161156, 6337789, 9533681
3161162, 6337800, 9533646
3161152, 6337776, 9533681
3161135, 6337762, 9533647
3161153, 6337780, 9533653
3161137, 6337774, 9533645
3161203, 6337782, 9533629
3161123, 6337755, 9533656
3161140, 6337760, 9533618
3161144, 6337788, 9533676
3161166, 6337804, 9533635
3161165, 6337768, 9533653
3161132, 6337788, 9533636
3161144, 6337773, 9533672
3161144, 6337762, 9533644
3161182, 6337765, 9533642
3161223, 6337780, 9533620
3161177, 6337782, 9533682
3161155, 6337793, 9533633
3161109, 6337775, 9533646
3161122, 6337782, 9533658
3161193, 6337786, 9533689
3161121, 6337772, 9533658
3161119, 6337768, 9533658
3161134, 6337780, 9533690
3161172, 6337791, 9533657
3161168, 6337789, 9533622
3161136, 6337789, 9533666
3161209, 6337780, 9533657
3161139, 6337770, 9533618
3161132, 6337761, 9533678
3161155, 6337768, 9533687
3161122, 6337764, 9533632
3161135, 6337769, 9533678
3161127, 6337769, 9533689
3161213, 6337764, 9533642
3161147, 6337779, 9533630
3161138, 6337757, 9533688
3161152, 6337756, 9533635
3161153, 6337780, 9533656
3161144, 6337764, 9533657
3161129, 6337770, 9533637
3161126, 6337780, 9533672
3161188, 6337781, 9533679
3161200, 6337766, 9533659
3161135, 6337758, 9533657
3161159, 6337743, 9533661
3161144, 6337796, 9533638
3161170, 6337793, 9533640
3161139, 6337761, 9533649
3161149, 6337784, 9533656
3161159, 6337753, 9533684
3161140, 6337801, 9533667
3161142, 6337764, 9533652
3161211, 6337768, 9533636
3161118, 6337767, 9533593
3161123, 6337759, 9533663
3161118, 6337761, 9533687
3161154, 6337760, 9533651
3161203, 6337768, 9533647
3161188, 6337779, 9533651
3161126, 6337776, 9533706
3161169, 6337782, 9533667
3161140, 6337756, 9533637
3161168, 6337759, 9533657
3161225, 6337778, 9533670
3161209, 6337791, 9533676
3161128, 6337754, 9533623
3161125, 6337771, 9533671
3161135, 6337778, 9533672
3161162, 6337796, 9533693
3161205, 6337796, 9533670
3161152, 6337756, 9533710
3161135, 6337745, 9533673
3161130, 6337762, 9533614
3161195, 6337776, 9533650
3161154, 6337773, 9533659
3161145, 6337788, 9533650
3161220, 6337769, 9533621
3161189, 6337802, 9533697
3161148, 6337783, 9533702
3161177, 6337805, 9533661
3161145, 6337743, 9533667
3161148, 6337801, 9533636
3161210, 6337784, 9533642
3161140, 6337780, 9533648
3161172, 6337775, 9533650
3161179, 6337761, 9533668
3161159, 6337790, 9533696
3161130, 6337774, 9533660
3161151, 6337787, 9533684
3161149, 6337770, 9533629
3161130, 6337775, 9533684
3161137, 6337764, 9533644
3161142, 6337765, 9533647
3161229, 6337779, 9533651
3161127, 6337766, 9533640
3161130, 6337765, 9533668
3161124, 6337776, 9533677
3161195, 6337799, 9533622
3161147, 6337772, 9533662
3161136, 6337783, 9533674
3161159, 6337794, 9533683
3161136, 6337790, 9533649
3161132, 6337763, 9533672
3161159, 6337781, 9533713
3161163, 6337776, 9533601
3161127, 6337771, 9533670
3161150, 6337773, 9533632
3161157, 6337785, 9533672
3161177, 6337765, 9533633
3161157, 6337776, 9533658
3161151, 6337789, 9533659
3161147, 6337804, 9533669
3161112, 6337778, 9533635
3161163, 6337805, 9533667
3161222, 6337774, 9533656
3161201, 6337783, 9533685
3161109, 6337801, 9533632
3161109, 6337771, 9533673
3161224, 6337783, 9533623
3161192, 6337772, 9533701
3161147, 6337779, 9533675
3161147, 6337775, 9533643
3161140, 6337787, 9533642
3161125, 6337758, 9533652
3161142, 6337795, 9533673
3161156, 6337803, 9533673
3161151, 6337805, 9533660
3161150, 6337776, 9533653
3161125, 6337786, 9533616
3161156, 6337784, 9533654
3161135, 6337772, 9533663
3161137, 6337775, 9533691
3161182, 6337778, 9533647
3161166, 6337783, 9533653
3161122, 6337785, 9533630
3161150, 6337765, 9533641
3161143, 6337784, 9533637
3161205, 6337776, 9533675
3161140, 6337760, 9533643
3161226, 6337775, 9533652
3161178, 6337770, 9533694
3161170, 6337795, 9533650
3161145, 6337790, 9533686
3161143, 6337739, 9533648
3161153, 6337768, 9533684
3161128, 6337780, 9533646
3161111, 6337785, 9533625
3161142, 6337754, 9533627
3161237, 6337747, 9533664
3161146, 6337760, 9533673
3161198, 6337785, 9533666
3161136, 6337789, 9533643
3161139, 6337769, 9533679
3161137, 6337804, 9533707
3161114, 6337792, 9533690
3161148, 6337784, 9533654
3161136, 6337762, 9533652
3161160, 6337775, 9533675
3161148, 6337762, 9533665
3161151, 6337778, 9533635
3161140, 6337769, 9533669
3161219, 6337764, 9533690
3161151, 6337770, 9533625
3161157, 6337772, 9533686
3161124, 6337787, 9533655
3161122, 6337770, 9533660
3161175, 6337763, 9533669
3161131, 6337787, 9533647
3161230, 6337770, 9533658
3161164, 6337766, 9533665
3161152, 6337767, 9533664
3161136, 6337774, 9533678
3161170, 6337797, 9533685
3161152, 6337778, 9533668
3161148, 6337775, 9533672
3161140, 6337767, 9533684
3161133, 6337797, 9533698
3161141, 6337779, 9533675
3161150, 6337769, 9533689
3161142, 6337775, 9533678
3161169, 6337764, 9533660
3161132, 6337753, 9533662
3161142, 6337778, 9533641
3161126, 6337789, 9533693
3161121, 6337761, 9533679
3161163, 6337771, 9533718
3161139, 6337782, 9533619
3161163, 6337779, 9533684
3161133, 6337787, 9533674
3161141, 6337786, 9533653
3161148, 6337783, 9533650
3161231, 6337775, 9533647
3161164, 6337775, 9533672
3161135, 6337789, 9533666
3161158, 6337735, 9533695
3161193, 6337790, 9533664
3161130, 6337782, 9533698
3161198, 6337787, 9533662
3161146, 6337779, 9533675
3161144, 6337742, 9533658
3161203, 6337783, 9533658
3161122, 6337768, 9533653
3161154, 6337784, 9533644
3161160, 6337763, 9533685
3161145, 6337783, 9533652
3161128, 6337759, 9533666
3161162, 6337786, 9533658
3161157, 6337777, 9533666
3161152, 6337744, 9533659
3161130, 6337786, 9533671
3161137, 6337761, 9533661
3161189, 6337749, 9533662
3161158, 6337779, 9533696
3161135, 6337775, 9533663
3161140, 6337785, 9533706
3161129, 6337756, 9533680
3161181, 6337803, 9533677
3161163, 6337770, 9533659
3161211, 6337811, 9533658
3161151, 6337778, 9533667
3161142, 6337796, 9533691
3161120, 6337777, 9533693
3161153, 6337769, 9533685
3161122, 6337786, 9533680
3161149, 6337796, 9533674
3161126, 6337759, 9533630
3161138, 6337763, 9533651
3161155, 6337729, 9533651
3161155, 6337769, 9533667
3161186, 6337745, 9533642
3161158, 6337782, 9533649
3161169, 6337785, 9533662
3161135, 6337762, 9533643
3161156, 6337798, 9533656
3161143, 6337798, 9533671
3161195, 6337749, 9533633
3161143, 6337759, 9533625
3161149, 6337744, 9533661
3161116, 6337763, 9533695
3161130, 6337779, 9533661
3161146, 6337760, 9533646
3161122, 6337768, 9533648
3161159, 6337769, 9533630
3161149, 6337774, 9533623
3161130, 6337785, 9533674
3161210, 6337779, 9533661
3161147, 6337770, 9533627
3161135, 6337752, 9533662
3161244, 6337769, 9533641
3161121, 6337762, 9533622
3161207, 6337782, 9533630
3161128, 6337774, 9533658
3161134, 6337769, 9533615
3161140, 6337758, 9533715
3161121, 6337767, 9533644
3161154, 6337779, 9533672
3161117, 6337782, 9533666
3161185, 6337783, 9533640
3161137, 6337764, 9533612
3161140, 6337787, 9533646
3161230, 6337755, 9533696
3161123, 6337801, 9533684
3161152, 6337761, 9533635
3161141, 6337752, 9533694
3161126, 6337782, 9533645
3161208, 6337763, 9533669
3161133, 6337763, 9533653
3161238, 6337762, 9533642
3161159, 6337787, 9533667
3161141, 6337744, 9533648
3161138, 6337777, 9533644
3161162, 6337788, 9533649
3161140, 6337789, 9533609
3161144, 6337778, 9533643
3161202, 6337779, 9533660
3161129, 6337795, 9533676
3161143, 6337787, 9533604
3161125, 6337768, 9533682
3161173, 6337802, 9533685
3161138, 6337759, 9533683
3161158, 6337772, 9533696
3161216, 6337766, 9533672
3161149, 6337772, 9533719
3161131, 6337758, 9533604
3161144, 6337740, 9533686
3161231, 6337785, 9533694
3161132, 6337750, 9533689
3161153, 6337790, 9533670
3161127, 6337786, 9533671
3161221, 6337778, 9533678
3161137, 6337783, 9533683
3161136, 6337776, 9533668
3161134, 6337776, 9533660
3161128, 6337767, 9533622
3161163, 6337763, 9533669
3161107, 6337788, 9533641
3161154, 6337782, 9533692
3161159, 6337804, 9533596
3161197, 6337789, 9533645
3161149, 6337797, 9533664
3161147, 6337804, 9533700
3161153, 6337776, 9533700
3161155, 6337792, 9533641
3161150, 6337771, 9533690
3161120, 6337763, 9533648
3161142, 6337757, 9533633
3161124, 6337786, 9533638
3161147, 6337806, 9533663
3161141, 6337787, 9533699
3161124, 6337779, 9533635
3161138, 6337772, 9533655
3161126, 6337781, 9533678
3161216, 6337817, 9533629
3161144, 6337779, 9533647
3161142, 6337763, 9533612
3161158, 6337790, 9533688
3161147, 6337777, 9533693
3161166, 6337768, 9533664
3161139, 6337775, 9533663
3161162, 6337794, 9533597
3161157, 6337780, 9533649
3161167, 6337757, 9533656
3161150, 6337770, 9533634
3161152, 6337787, 9533693
3161188, 6337753, 9533637
3161126, 6337785, 9533611
3161166, 6337791, 9533701
3161175, 6337752, 9533618
3161167, 6337767, 9533663
3161144, 6337792, 9533652
3161148, 6337751, 9533677
3161205, 6337781, 9533684
3161157, 6337789, 9533673
3161146, 6337787, 9533669
3161213, 6337765, 9533666
3161127, 6337729, 9533612
3161134, 6337788, 9533653
3161119, 6337778, 9533687
3161149, 6337795, 9533651
3161133, 6337766, 9533650
3161119, 6337779, 9533647
3161144, 6337764, 9533686
3161135, 6337783, 9533662
3161147, 6337800, 9533650
3161142, 6337793, 9533658
3161126, 6337774, 9533685
3161124, 6337755, 9533668
3161170, 6337776, 9533646
3161150, 6337753, 9533659
3161144, 6337784, 9533710
3161147, 6337762, 9533667
3161221, 6337772, 9533662
3161214, 6337753, 9533682
3161143, 6337778, 9533677
3161209, 6337766, 9533638
3161139, 6337777, 9533643
3161207, 6337791, 9533660
3161128, 6337768, 9533644
3161154, 6337784, 9533680
3161131, 6337769, 9533655
3161153, 6337785, 9533660
3161222, 6337786, 9533651
3161138, 6337778, 9533669
3161131, 6337776, 9533676
3161117, 6337802, 9533659
3161135, 6337774, 9533629
3161166, 6337775, 9533603
3161147, 6337764, 9533641
3161224, 6337761, 9533675
3161135, 6337763, 9533677
3161151, 6337789, 9533679
3161115, 6337793, 9533661
3161137, 6337756, 9533643
3161219, 6337777, 9533649
3161131, 6337773, 9533671
3161147, 6337757, 9533652
3161214, 6337755, 9533623
3161156, 6337802, 9533689
3161125, 6337761, 9533642
3161234, 6337774, 9533669
3161128, 6337774, 9533641
3161139, 6337790, 9533664
3161148, 6337798, 9533675
3161215, 6337804, 9533637
3161145, 6337800, 9533674
3161141, 6337791, 9533664
3161135, 6337811, 9533621
3161157, 6337800, 9533677
3161211, 6337775, 9533634
3161129, 6337766, 9533658
3161127, 6337783, 9533672
3161140, 6337770, 9533689
3161152, 6337760, 9533671
3161137, 6337763, 9533644
3161146, 6337808, 9533661
3161175, 6337775, 9533667
3161139, 6337768, 9533995
3161135, 6337763, 9533648
3161120, 6337787, 9533666
3161140, 6337771, 9533655
3161138, 6337798, 9533638
3161169, 6337777, 9533644
3161146, 6337780, 9533646
3161142, 6337760, 9533657
3161146, 6337765, 9533713
3161142, 6337791, 9533656
3161233, 6337779, 9533681
3161186, 6337759, 9533655
3161127, 6337779, 9533646
3161136, 6337788, 9533612
3161140, 6337773, 9533692
3161142, 6337782, 9533666
3161135, 6337801, 9533641
3161143, 6337772, 9533601
3161131, 6337782, 9533633
3161125, 6337781, 9533669
3161212, 6337782, 9533624
3161226, 6337784, 9533680
3161124, 6337757, 9533644
3161144, 6337768, 9533659
3161151, 6337766, 9533641
3161139, 6337773, 9533657
3161144, 6337771, 9533655
3161144, 6337785, 9533630
3161117, 6337767, 9533674
3161158, 6337794, 9533645
3161153, 6337794, 9533668
3161193, 6337747, 9533680
3161221, 6337790, 9533681
3161123, 6337787, 9533592
3161155, 6337777, 9533634
3161135, 6337773, 9533669
3161130, 6337767, 9533675
3161160, 6337825, 9533702
3161129, 6337805, 9533662
3161154, 6337760, 9533656
3161131, 6337764, 9533639
3161199, 6337781, 9533654
3161149, 6337758, 9533658
3161142, 6337785, 9533640
3161136, 6337748, 9533664
3161134, 6337738, 9533624
3161138, 6337772, 9533649
3161195, 6337776, 9533656
3161173, 6337781, 9533663
3161121, 6337783, 9533657
3161149, 6337789, 9533625
3161136, 6337813, 9533658
3161142, 6337768, 9533682
3161157, 6337785, 9533667
3161199, 6337753, 9533671
3161134, 6337776, 9533678
3161136, 6337761, 9533698
3161156, 6337774, 9533650
3161231, 6337765, 9533652
3161158, 6337789, 9533631
3161137, 6337775, 9533646
3161147, 6337762, 9533692
3161157, 6337763, 9533611
3161145, 6337789, 9533643
3161128, 6337769, 9533694
3161143, 6337753, 9533684
3161123, 6337787, 9533658
3161134, 6337789, 9533655
3161192, 6337785, 9533698
3161212, 6337768, 9533681
3161211, 6337796, 9533661
3161153, 6337756, 9533629
3161119, 6337786, 9533682
3161166, 6337805, 9533643
3161152, 6337787, 9533663
3161210, 6337771, 9533669
3161132, 6337771, 9533626
3161123, 6337752, 9533681
3161173, 6337795, 9533624
3161217, 6337767, 9533619
3161148, 6337778, 9533655
3161117, 6337759, 9533661
3161236, 6337790, 9533671
3161115, 6337761, 9533676
3161143, 6337782, 9533670
3161131, 6337793, 9533679
3161148, 6337766, 9533644
3161111, 6337781, 9533628
3161140, 6337761, 9533715
3161162, 6337812, 9533642
3161130, 6337767, 9533654
3161162, 6337765, 9533668
3161191, 6337758, 9533667
3161125, 6337791, 9533688
3161153, 6337757, 9533641
3161144, 6337763, 9533663
3161209, 6337785, 9533626
3161151, 6337753, 9533649
3161149, 6337799, 9533675
3161151, 6337763, 9533661
3161143, 6337763, 9533642
3161142, 6337791, 9533651
3161137, 6337766, 9533645
3161199, 6337763, 9533698
3161137, 6337797, 9533679
3161129, 6337797, 9533681
3161161, 6337762, 9533688
3161125, 6337779, 9533681
3161140, 6337777, 9533686
3161129, 6337776, 9533646
3161124, 6337757, 9533679
3161174, 6337781, 9533676
3161141, 6337797, 9533680
3161141, 6337766, 9533667
3161222, 6337778, 9533663
3161152, 6337802, 9533712
3161123, 6337758, 9533672
3161133, 6337777, 9533609
3161141, 6337747, 9533650
3161153, 6337799, 9533658
3161161, 6337767, 9533657
3161130, 6337781, 9533601
3161154, 6337759, 9533629
3161120, 6337774, 9533699
3161165, 6337777, 9533646
3161143, 6337792, 9533687
3161137, 6337793, 9533676
3161155, 6337803, 9533689
3161164, 6337759, 9533696
3161126, 6337773, 9533649
3161156, 6337793, 9533676
3161123, 6337758, 9533635
3161137, 6337769, 9533673
3161145, 6337748, 9533604
3161166, 6337766, 9533672
3161134, 6337775, 9533665
3161172, 6337757, 9533654
3161207, 6337765, 9533665
3161179, 6337769, 9533650
3161147, 6337766, 9533644
3161149, 6337761, 9533650
3161189, 6337780, 9533604
3161139, 6337755, 9533631
3161203, 6337758, 9533679
3161174, 6337776, 9533668
3161135, 6337782, 9533686
3161129, 6337793, 9533662
3161215, 6337816, 9533635
3161136, 6337758, 9533663
3161113, 6337781, 9533634
3161156, 6337760, 9533693
3161152, 6337798, 9533696
3161229, 6337804, 9533657
3161239, 6337791, 9533678
3161182, 6337787, 9533639
3161133, 6337764, 9533682
3161154, 6337771, 9533652
3161130, 6337744, 9533660
3161128, 6337775, 9533683
3161109, 6337776, 9533618
3161141, 6337778, 9533661
3161215, 6337756, 9533704
3161133, 6337790, 9533683
3161120, 6337780, 9533686
3161128, 6337797, 9533638
3161223, 6337772, 9533690
3161148, 6337786, 9533686
3161175, 6337776, 9533679
3161129, 6337775, 9533671
3161130, 6337775, 9533709
3161210, 6337772, 9533683
3161143, 6337759, 9533672
3161134, 6337773, 9533659
3161106, 6337789, 9533686
3161229, 6337776, 9533589
3161142, 6337781, 9533663
3161144, 6337749, 9533658
3161157, 6337798, 9533624
3161221, 6337747, 9533687
3161128, 6337753, 9533637
3161129, 6337769, 9533641
3161141, 6337751, 9533652
3161210, 6337783, 9533691
3161115, 6337786, 9533660
3161141, 6337781, 9533657
3161213, 6337772, 9533668
3161204, 6337761, 9533627
3161148, 6337790, 9533688
3161148, 6337780, 9533697
3161124, 6337781, 9533653
3161122, 6337763, 9533675
3161141, 6337778, 9533664
3161128, 6337762, 9533647
3161157, 6337788, 9533646
3161198, 6337763, 9533670
3161192, 6337786, 9533643
3161134, 6337759, 9533677
3161139, 6337770, 9533678
3161128, 6337759, 9533691
3161156, 6337800, 9533653
3161154, 6337779, 9533693
3161168, 6337798, 9533668
3161123, 6337769, 9533650
3161227, 6337781, 9533651
3161130, 6337799, 9533635
3161120, 6337743, 9533677
3161157, 6337768, 9533656
3161157, 6337774, 9533644
3161131, 6337769, 9533668
3161120, 6337774, 9533709
3161199, 6337766, 9533656
3161230, 6337766, 9533679
3161224, 6337787, 9533660
3161147, 6337771, 9533628
3161143, 6337758, 9533687
3161150, 6337777, 9533667
3161114, 6337779, 9533687
3161157, 6337781, 9533682
3161207, 6337753, 9533643
3161148, 6337767, 9533664
3161152, 6337755, 9533675
3161116, 6337781, 9533643
3161125, 6337742, 9533667
3161170, 6337776, 9533655
3161231, 6337763, 9533641
3161131, 6337810, 9533663
3161157, 6337779, 9533672
3161184, 6337772, 9533706
3161156, 6337806, 9533686
3161228, 6337760, 9533649
3161121, 6337764, 9533687
3161129, 6337765, 9533657
3161149, 6337795, 9533626
3161215, 6337767, 9533688
3161134, 6337765, 9533689
3161133, 6337765, 9533615
3161137, 6337779, 9533603
3161121, 6337772, 9533696
3161157, 6337778, 9533672
3161156, 6337776, 9533661
3161167, 6337744, 9533686
3161139, 6337773, 9533647
3161164, 6337785, 9533622
3161155, 6337790, 9533656
3161135, 6337748, 9533687
3161147, 6337784, 9533685
3161144, 6337787, 9533673
3161138, 6337767, 9533655
3161152, 6337784, 9533675
3161136, 6337797, 9533630
3161214, 6337825, 9533651
3161152, 6337763, 9533685
3161154, 6337771, 9533668
3161211, 6337793, 9533658
3161165, 6337778, 9533645
3161148, 6337761, 9533668
3161149, 6337766, 9533632
3161129, 6337786, 9533657
3161138, 6337788, 9533675
3161171, 6337765, 9533683
3161145, 6337777, 9533662
3161210, 6337758, 9533652
3161146, 6337769, 9533679
3161180, 6337800, 9533644
3161143, 6337793, 9533648
3161131, 6337808, 9533652
3161144, 6337767, 9533664
3161128, 6337750, 9533633
3161134, 6337779, 9533660
3161144, 6337760, 9533660
3161216, 6337743, 9533657
3161141, 6337746, 9533617
3161149, 6337781, 9533639
3161136, 6337764, 9533658
3161130, 6337753, 9533693
3161214, 6337777, 9533680
3161144, 6337769, 9533641
3161146, 6337810, 9533686
3161164, 6337749, 9533666
3161150, 6337778, 9533673
3161177, 6337758, 9533624
3161146, 6337790, 9533682
3161132, 6337773, 9533622
3161158, 6337751, 9533618
3161119, 6337784, 9533670
3161115, 6337787, 9533688
3161147, 6337776, 9533689
3161158, 6337750, 9533697
3161162, 6337785, 9533653
3161119, 6337776, 9533617
3161156, 6337791, 9533697
3161146, 6337763, 9533670
3161141, 6337742, 9533650
3161132, 6337796, 9533657
3161213, 6337780, 9533648
3161158, 6337736, 9533643
3161216, 6337756, 9533660
3161190, 6337788, 9533695
3161125, 6337763, 9533670
3161119, 6337797, 9533666
3161148, 6337767, 9533596
3161154, 6337743, 9533671
3161149, 6337805, 9533655
3161137, 6337762, 9533682
3161140, 6337768, 9533646
3161178, 6337780, 9533631
3161153, 6337754, 9533685
3161160, 6337787, 9533661
3161161, 6337770, 9533659
3161193, 6337802, 9533640
3161116, 6337766, 9533594
3161151, 6337758, 9533654
3161149, 6337773, 9533591
3161152, 6337786, 9533680
3161141, 6337780, 9533673
3161165, 6337804, 9533628
3161127, 6337771, 9533654
3161163, 6337778, 9533661
3161163, 6337788, 9533706
3161133, 6337787, 9533637
3161158, 6337764, 9533614
3161218, 6337780, 9533645
3161148, 6337758, 9533662
3161120, 6337767, 9533655
3161145, 6337772, 9533714
3161127, 6337769, 9533706
3161153, 6337773, 9533679
3161140, 6337766, 9533646
3161159, 6337791, 9533717
3161155, 6337767, 9533656
3161166, 6337777, 9533594
3161158, 6337762, 9533652
3161188, 6337753, 9533687
3161190, 6337760, 9533711
3161129, 6337784, 9533649
3161151, 6337771, 9533679
3161160, 6337772, 9533677
3161151, 6337768, 9533626
3161144, 6337782, 9533640
3161164, 6337783, 9533653
3161217, 6337794, 9533691
3161206, 6337775, 9533671
3161145, 6337786, 9533653
3161154, 6337748, 9533641
3161136, 6337767, 9533604
3161215, 6337790, 9533644
3161182, 6337769, 9533660
3161149, 6337787, 9533671
3161140, 6337790, 9533667
3161169, 6337761, 9533678
3161156, 6337780, 9533667
3161146, 6337766, 9533619
3161232, 6337763, 9533671
3161144, 6337791, 9533705
3161140, 6337793, 9533645
3161139, 6337752, 9533644
3161159, 6337769, 9533646
3161148, 6337736, 9533631
3161122, 6337775, 9533614
3161146, 6337753, 9533642
3161157, 6337759, 9533638
3161193, 6337762, 9533661
3161125, 6337777, 9533641
3161138, 6337790, 9533665
3161153, 6337787, 9533656
3161162, 6337782, 9533662
3161191, 6337776, 9533713
3161210, 6337786, 9533708
3161134, 6337771, 9533697
3161133, 6337763, 9533648
3161156, 6337812, 9533669
3161138, 6337766, 9533707
3161146, 6337777, 9533667
3161160, 6337778, 9533660
3161182, 6337794, 9533657
3161127, 6337808, 9533642
3161126, 6337766, 9533662
3161211, 6337789, 9533690
3161129, 6337749, 9533679
3161155, 6337765, 9533679
3161144, 6337795, 9533676
3161151, 6337781, 9533654
3161140, 6337740, 9533693
3161211, 6337793, 9533651
3161187, 6337760, 9533676
3161157, 6337788, 9533638
3161122, 6337786, 9533655
3161158, 6337799, 9533648
3161158, 6337768, 9533669
3161156, 6337734, 9533636
3161161, 6337760, 9533675
3161128, 6337782, 9533663
3161151, 6337776, 9533659
3161121, 6337765, 9533677
3161186, 6337766, 9533678
3161172, 6337775, 9533675
3161153, 6337776, 9533673
3161217, 6337767, 9533694
