Gen, Enc, Dec
1727940, 3464756, 5205453
1726518, 3464568, 5205331
1726529, 3464556, 5205281
1726442, 3464544, 5205313
1726480, 3464562, 5205261
1726411, 3464567, 5205343
1726442, 3464549, 5205318
1726415, 3464580, 5205301
1726418, 3464574, 5205315
1726497, 3464571, 5205284
1726445, 3464568, 5205298
1726444, 3464578, 5205304
1726463, 3464578, 5205273
1726429, 3464574, 5205320
1726441, 3464561, 5205303
1726421, 3464572, 5205316
1726422, 3464562, 5205295
1726427, 3464571, 5205341
1726417, 3464561, 5205312
1726419, 3464566, 5205337
1726438, 3464606, 5205323
1726434, 3464592, 5205296
1726436, 3464550, 5205317
1726443, 3464576, 5205315
1726448, 3464594, 5205322
1726435, 3464580, 5205388
1726417, 3464581, 5205315
1726503, 3464593, 5205304
1726411, 3464593, 5205280
1726521, 3464571, 5205292
1726411, 3464594, 5205290
1726419, 3464571, 5205344
1726420, 3464579, 5205328
1726434, 3464535, 5205323
1726496, 3464567, 5205349
1726428, 3464584, 5205320
1726433, 3464575, 5205333
1726430, 3464570, 5205315
1726476, 3464575, 5205335
1726497, 3464583, 5205323
1726504, 3464569, 5205332
1726490, 3464552, 5205283
1726441, 3464562, 5205311
1726483, 3464549, 5205334
1726423, 3464586, 5205289
1726421, 3464581, 5205286
1726403, 3464588, 5205336
1726527, 3464551, 5205305
1726449, 3464575, 5205267
1726508, 3464554, 5205344
1726452, 3464578, 5205306
1726454, 3464567, 5205337
1726431, 3464584, 5205352
1726439, 3464570, 5205355
1726447, 3464557, 5205295
1726432, 3464571, 5205305
1726422, 3464562, 5205313
1726407, 3464585, 5205319
1726443, 3464549, 5205297
1726419, 3464577, 5205306
1726466, 3464574, 5205297
1726503, 3464578, 5205288
1726418, 3464552, 5205337
1726415, 3464554, 5205290
1726403, 3464566, 5205293
1726454, 3464570, 5205322
1726436, 3464571, 5205318
1726422, 3464614, 5205276
1726455, 3464596, 5205352
1726426, 3464580, 5205338
1726423, 3464574, 5205327
1726411, 3464564, 5205316
1726436, 3464562, 5205321
1726438, 3464590, 5205328
1726429, 3464572, 5205308
1726413, 3464603, 5205305
1726393, 3464569, 5205254
1726426, 3464600, 5205308
1726431, 3464599, 5205317
1726418, 3464573, 5205303
1726433, 3464584, 5205340
1726427, 3464601, 5205352
1726423, 3464579, 5205311
1726493, 3464587, 5205305
1726431, 3464560, 5205304
1726425, 3464581, 5205307
1726427, 3464569, 5205318
1726406, 3464581, 5205342
1726418, 3464563, 5205258
1726549, 3464577, 5205313
1726423, 3464601, 5205273
1726420, 3464566, 5205276
1726448, 3464568, 5205299
1726497, 3464536, 5205312
1726448, 3464573, 5205272
1726438, 3464583, 5205312
1726440, 3464592, 5205330
1726507, 3464610, 5205290
1726441, 3464575, 5205297
1726431, 3464557, 5205330
1726450, 3464581, 5205296
1726461, 3464576, 5205324
1726448, 3464593, 5205300
1726421, 3464585, 5205327
1726481, 3464565, 5205337
1726506, 3464595, 5205300
1726408, 3464560, 5205280
1726400, 3464578, 5205346
1726414, 3464599, 5205346
1726427, 3464567, 5205352
1726405, 3464558, 5205297
1726431, 3464562, 5205348
1726487, 3464558, 5205317
1726428, 3464582, 5205306
1726445, 3464581, 5205286
1726502, 3464572, 5205335
1726426, 3464570, 5205330
1726446, 3464588, 5205314
1726427, 3464545, 5205295
1726442, 3464553, 5205335
1726449, 3464561, 5205311
1726415, 3464577, 5205331
1726426, 3464555, 5205296
1726438, 3464570, 5205335
1726512, 3464570, 5205306
1726415, 3464577, 5205324
1726434, 3464567, 5205351
1726430, 3464586, 5205338
1726505, 3464572, 5205329
1726420, 3464562, 5205261
1726427, 3464576, 5205304
1726430, 3464597, 5205320
1726437, 3464560, 5205296
1726400, 3464572, 5205319
1726451, 3464575, 5205329
1726429, 3464544, 5205337
1726493, 3464572, 5205341
1726460, 3464598, 5205293
1726428, 3464593, 5205292
1726419, 3464554, 5205333
1726445, 3464576, 5205356
1726431, 3464586, 5205280
1726441, 3464578, 5205319
1726442, 3464577, 5205340
1726416, 3464567, 5205355
1726432, 3464577, 5205290
1726498, 3464569, 5205344
1726417, 3464591, 5205332
1726428, 3464601, 5205305
1726475, 3464565, 5205329
1726419, 3464563, 5205322
1726432, 3464558, 5205291
1726420, 3464557, 5205282
1726426, 3464559, 5205332
1726454, 3464583, 5205314
1726529, 3464575, 5205278
1726435, 3464593, 5205311
1726512, 3464564, 5205312
1726471, 3464573, 5205294
1726415, 3464556, 5205307
1726410, 3464591, 5205258
1726457, 3464574, 5205312
1726426, 3464565, 5205305
1726428, 3464575, 5205353
1726426, 3464593, 5205300
1726445, 3464567, 5205327
1726445, 3464592, 5205284
1726503, 3464568, 5205328
1726442, 3464574, 5205273
1726402, 3464574, 5205264
1726439, 3464568, 5205301
1726413, 3464559, 5205335
1726445, 3464605, 5205333
1726418, 3464575, 5205311
1726441, 3464594, 5205331
1726441, 3464598, 5205310
1726426, 3464581, 5205333
1726432, 3464567, 5205318
1726430, 3464582, 5205328
1726435, 3464580, 5205339
1726429, 3464559, 5205317
1726432, 3464590, 5205286
1726444, 3464570, 5205287
1726465, 3464559, 5205315
1726417, 3464582, 5205338
1726429, 3464581, 5205336
1726438, 3464542, 5205312
1726427, 3464580, 5205331
1726431, 3464594, 5205272
1726474, 3464535, 5205340
1726437, 3464551, 5205295
1726449, 3464566, 5205285
1726528, 3464596, 5205290
1726441, 3464545, 5205328
1726400, 3464562, 5205299
1726427, 3464592, 5205326
1726431, 3464559, 5205276
1726439, 3464581, 5205290
1726437, 3464610, 5205268
1726493, 3464556, 5205307
1726487, 3464524, 5205360
1726441, 3464581, 5205312
1726413, 3464594, 5205352
1726439, 3464594, 5205313
1726427, 3464584, 5205311
1726435, 3464585, 5205296
1726381, 3464567, 5205314
1726527, 3464574, 5205278
1726430, 3464580, 5205256
1726427, 3464553, 5205337
1726422, 3464568, 5205334
1726422, 3464557, 5205340
1726427, 3464570, 5205337
1726418, 3464598, 5205338
1726400, 3464572, 5205297
1726484, 3464581, 5205328
1726426, 3464580, 5205323
1726428, 3464559, 5205259
1726465, 3464580, 5205257
1726446, 3464571, 5205300
1726431, 3464565, 5205341
1726423, 3464564, 5205295
1726511, 3464534, 5205301
1726435, 3464595, 5205341
1726444, 3464571, 5205350
1726419, 3464589, 5205318
1726415, 3464537, 5205335
1726494, 3464568, 5205292
1726427, 3464565, 5205310
1726531, 3464594, 5205308
1726426, 3464553, 5205312
1726409, 3464574, 5205370
1726454, 3464597, 5205349
1726417, 3464577, 5205311
1726429, 3464587, 5205336
1726420, 3464574, 5205302
1726499, 3464564, 5205293
1726431, 3464586, 5205374
1726408, 3464567, 5205291
1726501, 3464574, 5205322
1726435, 3464569, 5205354
1726415, 3464598, 5205313
1726408, 3464533, 5205331
1726441, 3464582, 5205359
1726422, 3464558, 5205341
1726495, 3464577, 5205308
1726447, 3464577, 5205284
1726409, 3464562, 5205276
1726433, 3464574, 5205341
1726430, 3464566, 5205305
1726447, 3464568, 5205324
1726502, 3464606, 5205335
1726428, 3464563, 5205318
1726413, 3464596, 5205295
1726416, 3464596, 5205243
1726431, 3464592, 5205320
1726436, 3464580, 5205309
1726425, 3464574, 5205334
1726425, 3464574, 5205314
1726445, 3464567, 5205300
1726414, 3464559, 5205324
1726407, 3464579, 5205319
1726412, 3464584, 5205308
1726414, 3464563, 5205332
1726428, 3464571, 5205312
1726433, 3464571, 5205295
1726414, 3464572, 5205308
1726462, 3464566, 5205332
1726487, 3464570, 5205327
1726430, 3464583, 5205318
1726434, 3464574, 5205324
1726432, 3464572, 5205309
1726487, 3464543, 5205283
1726486, 3464551, 5205329
1726419, 3464561, 5205342
1726487, 3464565, 5205295
1726406, 3464566, 5205340
1726457, 3464584, 5205326
1726428, 3464583, 5205349
1726453, 3464586, 5205385
1726437, 3464585, 5205335
1726428, 3464587, 5205348
1726424, 3464577, 5205316
1726421, 3464572, 5205274
1726418, 3464580, 5205259
1726443, 3464583, 5205332
1726435, 3464588, 5205268
1726438, 3464578, 5205321
1726436, 3464573, 5205334
1726503, 3464601, 5205345
1726497, 3464567, 5205291
1726450, 3464575, 5205339
1726455, 3464561, 5205292
1726399, 3464578, 5205293
1726453, 3464616, 5205295
1726451, 3464567, 5205290
1726435, 3464580, 5205296
1726456, 3464568, 5205364
1726425, 3464588, 5205298
1726430, 3464577, 5205306
1726413, 3464592, 5205305
1726426, 3464576, 5205320
1726483, 3464576, 5205294
1726434, 3464571, 5205290
1726431, 3464548, 5205349
1726448, 3464599, 5205337
1726430, 3464571, 5205281
1726495, 3464546, 5205320
1726430, 3464569, 5205348
1726420, 3464554, 5205305
1726418, 3464586, 5205331
1726431, 3464568, 5205317
1726400, 3464579, 5205322
1726428, 3464563, 5205311
1726440, 3464601, 5205304
1726430, 3464573, 5205371
1726432, 3464581, 5205337
1726423, 3464580, 5205273
1726430, 3464577, 5205264
1726440, 3464564, 5205287
1726444, 3464572, 5205324
1726447, 3464585, 5205296
1726507, 3464581, 5205344
1726429, 3464581, 5205315
1726444, 3464567, 5205352
1726433, 3464568, 5205353
1726429, 3464591, 5205322
1726517, 3464560, 5205288
1726427, 3464554, 5205339
1726439, 3464581, 5205300
1726494, 3464541, 5205277
1726454, 3464563, 5205290
1726410, 3464551, 5205299
1726430, 3464574, 5205316
1726486, 3464589, 5205316
1726417, 3464579, 5205274
1726446, 3464604, 5205323
1726423, 3464578, 5205327
1726418, 3464587, 5205343
1726492, 3464582, 5205332
1726445, 3464563, 5205351
1726441, 3464595, 5205298
1726502, 3464583, 5205283
1726436, 3464602, 5205297
1726474, 3464577, 5205314
1726422, 3464584, 5205349
1726428, 3464576, 5205323
1726500, 3464559, 5205339
1726425, 3464580, 5205294
1726450, 3464555, 5205304
1726442, 3464578, 5205323
1726429, 3464580, 5205312
1726425, 3464596, 5205308
1726424, 3464548, 5205288
1726425, 3464583, 5205282
1726403, 3464581, 5205295
1726443, 3464585, 5205329
1726424, 3464570, 5205340
1726471, 3464588, 5205334
1726434, 3464570, 5205302
1726438, 3464578, 5205321
1726446, 3464590, 5205305
1726432, 3464606, 5205317
1726446, 3464573, 5205320
1726442, 3464589, 5205333
1726509, 3464594, 5205301
1726510, 3464600, 5205343
1726415, 3464563, 5205316
1726448, 3464579, 5205360
1726437, 3464600, 5205290
1726431, 3464583, 5205318
1726431, 3464573, 5205285
1726425, 3464567, 5205340
1726483, 3464539, 5205251
1726487, 3464583, 5205347
1726405, 3464578, 5205303
1726435, 3464535, 5205332
1726425, 3464558, 5205296
1726419, 3464590, 5205321
1726459, 3464563, 5205332
1726489, 3464528, 5205310
1726430, 3464571, 5205351
1726432, 3464594, 5205320
1726449, 3464571, 5205292
1726405, 3464575, 5205300
1726461, 3464560, 5205340
1726494, 3464888, 5205319
1726423, 3464563, 5205326
1726429, 3464569, 5205345
1726447, 3464560, 5205349
1726444, 3464567, 5205355
1726444, 3464581, 5205281
1726406, 3464576, 5205285
1726431, 3464574, 5205335
1726421, 3464553, 5205283
1726426, 3464579, 5205316
1726423, 3464571, 5205261
1726436, 3464567, 5205281
1726430, 3464579, 5205301
1726428, 3464565, 5205327
1726502, 3464559, 5205312
1726465, 3464563, 5205343
1726525, 3464566, 5205303
1726423, 3464583, 5205306
1726440, 3464571, 5205280
1726410, 3464568, 5205331
1726408, 3464551, 5205338
1726416, 3464576, 5205320
1726482, 3464562, 5205316
1726497, 3464580, 5205261
1726437, 3464570, 5205365
1726455, 3464587, 5205328
1726442, 3464547, 5205326
1726434, 3464585, 5205328
1726518, 3464576, 5205331
1726432, 3464553, 5205294
1726428, 3464549, 5205327
1726446, 3464591, 5205323
1726432, 3464556, 5205311
1726499, 3464575, 5205356
1726442, 3464589, 5205295
1726403, 3464581, 5205346
1726412, 3464578, 5205307
1726499, 3464581, 5205348
1726422, 3464570, 5205301
1726442, 3464580, 5205291
1726434, 3464566, 5205277
1726476, 3464558, 5205306
1726424, 3464598, 5205319
1726424, 3464537, 5205326
1726465, 3464603, 5205304
1726464, 3464597, 5205326
1726506, 3464586, 5205338
1726429, 3464569, 5205308
1726405, 3464584, 5205308
1726430, 3464579, 5205271
1726414, 3464576, 5205311
1726444, 3464606, 5205356
1726434, 3464586, 5205231
1726506, 3464580, 5205370
1726437, 3464567, 5205327
1726440, 3464580, 5205299
1726426, 3464578, 5205332
1726492, 3464556, 5205323
1726446, 3464602, 5205296
1726481, 3464591, 5205292
1726399, 3464594, 5205307
1726411, 3464581, 5205270
1726491, 3464589, 5205307
1726428, 3464610, 5205309
1726445, 3464587, 5205282
1726442, 3464565, 5205298
1726441, 3464596, 5205300
1726417, 3464560, 5205278
1726412, 3464582, 5205319
1726441, 3464567, 5205277
1726424, 3464562, 5205326
1726450, 3464585, 5205317
1726409, 3464542, 5205303
1726435, 3464590, 5205330
1726439, 3464558, 5205304
1726436, 3464562, 5205287
1726430, 3464553, 5205306
1726421, 3464573, 5205302
1726436, 3464586, 5205350
1726417, 3464567, 5205313
1726451, 3464557, 5205324
1726460, 3464574, 5205320
1726457, 3464572, 5205316
1726431, 3464568, 5205325
1726413, 3464572, 5205300
1726413, 3464572, 5205328
1726435, 3464551, 5205334
1726436, 3464585, 5205266
1726422, 3464554, 5205357
1726418, 3464569, 5205303
1726442, 3464558, 5205302
1726419, 3464567, 5205352
1726440, 3464572, 5205304
1726430, 3464567, 5205279
1726430, 3464574, 5205296
1726426, 3464575, 5205335
1726480, 3464572, 5205345
1726444, 3464539, 5205296
1726427, 3464564, 5205334
1726428, 3464581, 5205265
1726521, 3464562, 5205368
1726444, 3464601, 5205291
1726495, 3464582, 5205329
1726427, 3464598, 5205312
1726473, 3464563, 5205307
1726421, 3464580, 5205280
1726418, 3464548, 5205350
1726490, 3464557, 5205309
1726428, 3464581, 5205316
1726413, 3464583, 5205313
1726491, 3464600, 5205292
1726428, 3464558, 5205305
1726500, 3464558, 5205287
1726437, 3464557, 5205334
1726494, 3464551, 5205288
1726429, 3464577, 5205312
1726411, 3464542, 5205276
1726420, 3464571, 5205316
1726436, 3464574, 5205330
1726410, 3464585, 5205289
1726411, 3464582, 5205313
1726438, 3464566, 5205333
1726408, 3464581, 5205304
1726495, 3464582, 5205291
1726426, 3464576, 5205323
1726424, 3464577, 5205347
1726420, 3464599, 5205307
1726457, 3464581, 5205330
1726417, 3464573, 5205338
1726441, 3464574, 5205308
1726435, 3464549, 5205280
1726465, 3464565, 5205337
1726426, 3464565, 5205324
1726418, 3464589, 5205307
1726427, 3464586, 5205309
1726428, 3464543, 5205272
1726446, 3464592, 5205340
1726467, 3464587, 5205298
1726430, 3464579, 5205317
1726419, 3464556, 5205317
1726420, 3464588, 5205339
1726471, 3464602, 5205331
1726452, 3464574, 5205299
1726481, 3464570, 5205315
1726413, 3464577, 5205307
1726447, 3464601, 5205313
1726431, 3464589, 5205297
1726425, 3464556, 5205283
1726440, 3464550, 5205335
1726435, 3464588, 5205357
1726441, 3464561, 5205253
1726426, 3464561, 5205296
1726500, 3464566, 5205289
1726434, 3464567, 5205319
1726436, 3464562, 5205332
1726411, 3464576, 5205323
1726433, 3464595, 5205294
1726454, 3464561, 5205274
1726490, 3464549, 5205285
1726430, 3464563, 5205340
1726430, 3464552, 5205285
1726437, 3464561, 5205293
1726424, 3464602, 5205349
1726428, 3464586, 5205273
1726419, 3464527, 5205317
1726482, 3464571, 5205293
1726440, 3464601, 5205297
1726432, 3464605, 5205331
1726438, 3464594, 5205290
1726418, 3464550, 5205324
1726425, 3464585, 5205316
1726503, 3464559, 5205338
1726439, 3464533, 5205356
1726448, 3464573, 5205305
1726470, 3464564, 5205289
1726514, 3464579, 5205307
1726429, 3464612, 5205330
1726421, 3464553, 5205270
1726399, 3464541, 5205327
1726427, 3464551, 5205287
1726435, 3464555, 5205318
1726421, 3464581, 5205309
1726435, 3464580, 5205326
1726508, 3464562, 5205303
1726452, 3464583, 5205307
1726487, 3464570, 5205327
1726403, 3464596, 5205361
1726429, 3464552, 5205345
1726449, 3464609, 5205307
1726429, 3464562, 5205333
1726444, 3464568, 5205304
1726440, 3464583, 5205351
1726460, 3464573, 5205295
1726423, 3464605, 5205340
1726439, 3464577, 5205303
1726424, 3464580, 5205287
1726491, 3464581, 5205309
1726486, 3464593, 5205292
1726418, 3464584, 5205362
1726502, 3464584, 5205277
1726424, 3464596, 5205280
1726413, 3464591, 5205266
1726437, 3464584, 5205342
1726434, 3464561, 5205321
1726425, 3464587, 5205318
1726451, 3464586, 5205347
1726425, 3464560, 5205306
1726461, 3464566, 5205350
1726423, 3464578, 5205309
1726443, 3464560, 5205296
1726434, 3464611, 5205347
1726440, 3464592, 5205321
1726417, 3464545, 5205318
1726398, 3464579, 5205281
1726428, 3464594, 5205320
1726434, 3464595, 5205292
1726470, 3464560, 5205336
1726411, 3464559, 5205307
1726418, 3464562, 5205289
1726411, 3464583, 5205321
1726434, 3464572, 5205313
1726412, 3464567, 5205314
1726437, 3464536, 5205318
1726480, 3464582, 5205312
1726441, 3464559, 5205304
1726415, 3464571, 5205330
1726443, 3464609, 5205284
1726448, 3464551, 5205345
1726511, 3464576, 5205329
1726424, 3464570, 5205332
1726439, 3464585, 5205279
1726433, 3464568, 5205301
1726453, 3464553, 5205293
1726435, 3464587, 5205296
1726431, 3464581, 5205333
1726486, 3464562, 5205324
1726471, 3464551, 5205287
1726411, 3464579, 5205312
1726422, 3464580, 5205243
1726479, 3464575, 5205302
1726431, 3464594, 5205295
1726411, 3464526, 5205324
1726486, 3464561, 5205376
1726418, 3464583, 5205319
1726426, 3464547, 5205335
1726415, 3464582, 5205286
1726490, 3464556, 5205281
1726514, 3464569, 5205273
1726440, 3464583, 5205371
1726445, 3464574, 5205303
1726432, 3464585, 5205303
1726446, 3464598, 5205340
1726392, 3464590, 5205275
1726441, 3464580, 5205301
1726421, 3464583, 5205334
1726418, 3464567, 5205295
1726412, 3464565, 5205328
1726426, 3464555, 5205362
1726397, 3464530, 5205361
1726418, 3464569, 5205300
1726412, 3464559, 5205328
1726446, 3464552, 5205327
1726431, 3464571, 5205337
1726442, 3464576, 5205278
1726455, 3464544, 5205320
1726444, 3464586, 5205309
1726430, 3464591, 5205320
1726430, 3464575, 5205288
1726414, 3464571, 5205341
1726421, 3464550, 5205342
1726415, 3464597, 5205329
1726451, 3464588, 5205315
1726414, 3464596, 5205343
1726474, 3464587, 5205325
1726493, 3464566, 5205285
1726538, 3464572, 5205287
1726488, 3464545, 5205304
1726446, 3464581, 5205320
1726488, 3464580, 5205343
1726477, 3464567, 5205297
1726443, 3464559, 5205286
1726433, 3464571, 5205339
1726420, 3464542, 5205298
1726456, 3464592, 5205356
1726430, 3464576, 5205310
1726434, 3464574, 5205350
1726433, 3464581, 5205333
1726436, 3464582, 5205289
1726440, 3464561, 5205284
1726419, 3464579, 5205304
1726429, 3464565, 5205314
1726423, 3464577, 5205368
1726413, 3464570, 5205338
1726414, 3464572, 5205325
1726502, 3464585, 5205348
1726492, 3464579, 5205320
1726439, 3464559, 5205284
1726504, 3464546, 5205252
1726408, 3464579, 5205311
1726440, 3464554, 5205328
1726444, 3464556, 5205353
1726452, 3464568, 5205319
1726412, 3464578, 5205313
1726494, 3464558, 5205350
1726507, 3464561, 5205324
1726423, 3464605, 5205273
1726406, 3464563, 5205322
1726435, 3464571, 5205320
1726433, 3464599, 5205322
1726474, 3464593, 5205306
1726432, 3464591, 5205301
1726457, 3464580, 5205321
1726418, 3464575, 5205330
1726401, 3464559, 5205300
1726507, 3464571, 5205261
1726432, 3464579, 5205315
1726438, 3464581, 5205272
1726425, 3464556, 5205301
1726427, 3464570, 5205325
1726474, 3464577, 5205287
1726426, 3464565, 5205300
1726501, 3464577, 5205328
1726433, 3464561, 5205284
1726419, 3464575, 5205335
1726450, 3464569, 5205315
1726411, 3464565, 5205286
1726422, 3464591, 5205332
1726421, 3464556, 5205322
1726411, 3464564, 5205300
1726459, 3464574, 5205362
1726426, 3464573, 5205331
1726418, 3464570, 5205263
1726427, 3464572, 5205326
1726469, 3464585, 5205339
1726432, 3464582, 5205304
1726436, 3464564, 5205322
1726477, 3464542, 5205291
1726432, 3464587, 5205292
1726420, 3464544, 5205331
1726505, 3464565, 5205305
1726437, 3464580, 5205300
1726437, 3464568, 5205331
1726452, 3464583, 5205286
1726436, 3464536, 5205337
1726453, 3464582, 5205280
1726464, 3464582, 5205307
1726433, 3464571, 5205319
1726435, 3464578, 5205292
1726405, 3464593, 5205314
1726484, 3464555, 5205256
1726428, 3464571, 5205323
1726427, 3464592, 5205321
1726429, 3464575, 5205256
1726438, 3464560, 5205336
1726494, 3464600, 5205313
1726418, 3464559, 5205251
1726433, 3464560, 5205281
1726441, 3464578, 5205338
1726448, 3464597, 5205316
1726492, 3464603, 5205339
1726446, 3464576, 5205334
1726423, 3464564, 5205293
1726438, 3464595, 5205336
1726435, 3464570, 5205319
1726415, 3464572, 5205293
1726417, 3464575, 5205303
1726423, 3464560, 5205312
1726429, 3464558, 5205305
1726442, 3464566, 5205338
1726504, 3464561, 5205295
1726460, 3464564, 5205324
1726479, 3464535, 5205302
1726434, 3464559, 5205332
1726429, 3464573, 5205311
1726424, 3464572, 5205287
1726407, 3464570, 5205283
1726405, 3464583, 5205274
1726436, 3464534, 5205322
1726434, 3464563, 5205331
1726455, 3464591, 5205294
1726450, 3464583, 5205361
1726405, 3464592, 5205327
1726450, 3464589, 5205298
1726406, 3464558, 5205299
1726508, 3464588, 5205340
1726448, 3464535, 5205275
1726425, 3464582, 5205389
1726444, 3464573, 5205267
1726432, 3464580, 5205284
1726498, 3464575, 5205306
1726437, 3464589, 5205316
1726434, 3464553, 5205317
1726438, 3464547, 5205326
1726448, 3464584, 5205293
1726473, 3464567, 5205349
1726429, 3464576, 5205247
1726419, 3464566, 5205336
1726423, 3464573, 5205319
1726412, 3464563, 5205316
1726489, 3464568, 5205369
1726506, 3464585, 5205306
1726403, 3464557, 5205310
1726437, 3464562, 5205316
1726416, 3464582, 5205298
1726398, 3464535, 5205285
1726412, 3464567, 5205275
1726436, 3464576, 5205298
1726424, 3464585, 5205348
1726422, 3464580, 5205333
1726511, 3464578, 5205311
1726456, 3464553, 5205338
1726405, 3464574, 5205327
1726423, 3464544, 5205309
1726439, 3464595, 5205321
1726473, 3464573, 5205325
1726437, 3464582, 5205316
1726434, 3464609, 5205292
1726454, 3464573, 5205324
1726407, 3464565, 5205285
1726439, 3464612, 5205358
1726436, 3464569, 5205296
1726446, 3464561, 5205301
1726431, 3464547, 5205323
1726490, 3464564, 5205345
1726421, 3464561, 5205305
1726437, 3464568, 5205340
1726452, 3464583, 5205337
1726435, 3464560, 5205339
1726436, 3464578, 5205291
1726422, 3464576, 5205300
1726484, 3464588, 5205321
1726471, 3464581, 5205292
1726410, 3464590, 5205257
1726409, 3464549, 5205342
1726458, 3464544, 5205313
1726431, 3464584, 5205314
1726432, 3464580, 5205307
1726433, 3464570, 5205314
1726417, 3464577, 5205347
1726427, 3464559, 5205281
1726440, 3464579, 5205303
1726485, 3464553, 5205265
1726447, 3464550, 5205344
1726412, 3464567, 5205325
1726431, 3464583, 5205282
1726411, 3464557, 5205303
1726486, 3464583, 5205339
1726416, 3464578, 5205304
1726456, 3464584, 5205307
1726432, 3464590, 5205278
1726428, 3464580, 5205289
1726445, 3464570, 5205281
1726436, 3464564, 5205263
1726437, 3464559, 5205319
1726455, 3464582, 5205302
1726439, 3464587, 5205321
1726428, 3464580, 5205291
1726517, 3464580, 5205333
1726479, 3464593, 5205358
1726427, 3464583, 5205276
1726412, 3464578, 5205310
1726475, 3464552, 5205295
1726424, 3464610, 5205297
1726430, 3464569, 5205316
1726494, 3464574, 5205293
1726420, 3464584, 5205294
1726446, 3464571, 5205302
1726421, 3464596, 5205288
1726412, 3464587, 5205304
1726479, 3464607, 5205336
1726437, 3464593, 5205310
1726432, 3464570, 5205329
1726451, 3464560, 5205307
1726437, 3464575, 5205258
1726453, 3464564, 5205326
1726443, 3464605, 5205328
1726417, 3464578, 5205259
1726452, 3464586, 5205336
1726434, 3464559, 5205309
1726404, 3464557, 5205298
1726428, 3464576, 5205271
1726418, 3464577, 5205297
1726451, 3464581, 5205330
1726437, 3464571, 5205275
1726403, 3464580, 5205286
1726438, 3464510, 5205351
1726435, 3464587, 5205329
1726434, 3464560, 5205278
1726439, 3464602, 5205326
1726456, 3464573, 5205299
1726522, 3464569, 5205318
1726421, 3464598, 5205290
1726431, 3464563, 5205310
1726491, 3464575, 5205340
1726497, 3464586, 5205318
1726422, 3464542, 5205281
1726425, 3464560, 5205272
1726412, 3464587, 5205307
1726490, 3464565, 5205307
1726433, 3464575, 5205245
1726414, 3464568, 5205305
1726487, 3464563, 5205290
1726495, 3464562, 5205311
1726434, 3464570, 5205315
1726475, 3464580, 5205290
1726451, 3464587, 5205366
1726421, 3464581, 5205315
1726443, 3464584, 5205325
1726430, 3464580, 5205322
1726433, 3464562, 5205282
1726433, 3464568, 5205327
1726439, 3464550, 5205335
1726519, 3464579, 5205317
1726434, 3464567, 5205281
1726453, 3464579, 5205290
1726439, 3464564, 5205341
1726439, 3464573, 5205291
1726431, 3464587, 5205328
1726432, 3464575, 5205359
1726430, 3464566, 5205332
1726405, 3464591, 5205327
1726412, 3464571, 5205339
1726498, 3464547, 5205331
1726420, 3464587, 5205301
1726477, 3464569, 5205324
1726396, 3464570, 5205306
1726433, 3464560, 5205312
1726432, 3464583, 5205320
1726433, 3464547, 5205322
1726416, 3464578, 5205287
1726430, 3464586, 5205316
1726428, 3464564, 5205336
1726507, 3464576, 5205334
1726499, 3464583, 5205340
1726402, 3464550, 5205346
1726421, 3464582, 5205301
1726446, 3464581, 5205318
1726445, 3464561, 5205340
1726489, 3464575, 5205315
1726433, 3464570, 5205282
1726419, 3464603, 5205331
1726402, 3464569, 5205312
1726443, 3464567, 5205299
1726481, 3464592, 5205334
1726428, 3464589, 5205335
1726426, 3464557, 5205352
1726508, 3464578, 5205323
1726475, 3464572, 5205327
1726435, 3464571, 5205331
1726429, 3464554, 5205313
1726447, 3464591, 5205304
1726418, 3464576, 5205285
1726421, 3464565, 5205359
1726524, 3464573, 5205310
1726434, 3464587, 5205294
1726428, 3464565, 5205271
1726476, 3464587, 5205357
1726442, 3464558, 5205305
1726489, 3464609, 5205309
1726445, 3464573, 5205298
1726439, 3464584, 5205288
1726500, 3464559, 5205298
1726447, 3464536, 5205299
1726453, 3464569, 5205320
1726432, 3464568, 5205334
1726426, 3464563, 5205282
1726442, 3464575, 5205307
1726462, 3464558, 5205301
1726478, 3464547, 5205281
1726514, 3464593, 5205271
1726418, 3464579, 5205308
1726409, 3464579, 5205281
1726432, 3464534, 5205286
1726425, 3464579, 5205337
1726447, 3464595, 5205332
1726410, 3464576, 5205351
1726484, 3464573, 5205261
1726422, 3464575, 5205341
1726432, 3464591, 5205313
1726432, 3464578, 5205319
1726443, 3464525, 5205300
1726429, 3464553, 5205352
1726509, 3464581, 5205295
1726416, 3464579, 5205343
1726437, 3464594, 5205318
1726426, 3464554, 5205315
1726450, 3464571, 5205315
1726417, 3464575, 5205349
1726406, 3464563, 5205328
1726496, 3464567, 5205329
1726425, 3464580, 5205351
1726418, 3464583, 5205305
1726423, 3464571, 5205295
1726404, 3464571, 5205279
1726426, 3464569, 5205296
1726429, 3464572, 5205327
1726440, 3464567, 5205295
1726407, 3464566, 5205312
1726430, 3464523, 5205305
1726434, 3464580, 5205314
1726414, 3464574, 5205278
1726434, 3464592, 5205373
1726428, 3464582, 5205315
1726418, 3464563, 5205303
1726408, 3464586, 5205344
1726495, 3464588, 5205286
1726483, 3464571, 5205317
1726442, 3464578, 5205258
1726431, 3464581, 5205321
1726444, 3464573, 5205334
1726442, 3464553, 5205322
1726441, 3464565, 5205310
1726501, 3464589, 5205293
1726431, 3464576, 5205316
